# A     Z       binding energy per nucleon [MeV]
# See the wasora realbook "Semi-empirical mass formula fit" for details
16	5	5.509228
16	6	6.922054
16	7	7.373812
16	8	7.976206
16	9	6.963731
16	10	6.082572
17	5	5.266461
17	6	6.557616
17	7	7.286153
17	8	7.750731
17	9	7.542328
17	10	6.642825
18	6	6.425747
18	7	7.038490
18	8	7.767025
18	9	7.631605
18	10	7.341282
18	11	6.249329
19	6	6.117909
19	7	6.948235
19	8	7.566389
19	9	7.779015
19	10	7.567375
19	11	6.938021
19	12	5.838251
20	6	5.958733
20	7	6.709240
20	8	7.568505
20	9	7.720131
20	10	8.032240
20	11	7.298641
20	12	6.723392
21	7	6.608099
21	8	7.389332
21	9	7.738290
21	10	7.971713
21	11	7.765524
22	7	6.366085
22	8	7.364821
22	9	7.624294
22	10	8.080465
22	11	7.915709
23	8	7.163850
23	9	7.620410
23	10	7.955255
23	11	8.111493
23	12	7.901126
24	8	7.015935
24	9	7.462957
24	10	7.993319
24	11	8.063496
24	12	8.260709
24	13	7.649919
25	9	7.338764
25	10	7.842701
25	11	8.101397
25	12	8.223504
25	13	8.021144
26	9	7.097744
26	10	7.753891
26	11	8.004260
26	12	8.333872
26	13	8.149771
27	9	6.887318
27	10	7.519709
27	11	7.956933
27	12	8.263854
27	13	8.331545
27	14	8.124334
28	10	7.390315
28	11	7.799297
28	12	8.272406
28	13	8.309886
28	14	8.447744
28	15	7.907873
29	10	7.178857
29	11	7.682668
29	12	8.113761
29	13	8.348725
29	14	8.448634
29	15	8.251228
30	10	7.040467
30	11	7.505754
30	12	8.055401
30	13	8.261381
30	14	8.520653
30	15	8.353496
31	11	7.385492
31	12	7.872260
31	13	8.225611
31	14	8.458290
31	15	8.481178
31	16	8.281869
32	11	7.206621
32	12	7.807774
32	13	8.099175
32	14	8.481569
32	15	8.464130
32	16	8.493134
32	17	8.072251
33	11	7.056314
33	12	7.638522
33	13	8.021586
33	14	8.360402
33	15	8.513811
33	16	8.497634
33	17	8.304758
34	12	7.536118
34	13	7.858434
34	14	8.336138
34	15	8.448449
34	16	8.583501
34	17	8.398961
35	13	7.784451
35	14	8.168673
35	15	8.446247
35	16	8.537855
35	17	8.520278
35	18	8.327465
36	13	7.628193
36	14	8.113807
36	15	8.307866
36	16	8.575387
36	17	8.521927
36	18	8.519909
36	19	8.142472
37	13	7.527619
37	14	7.953132
37	15	8.267505
37	16	8.459934
37	17	8.570280
37	18	8.527139
37	19	8.339847
38	13	7.381288
38	14	7.890118
38	15	8.150860
38	16	8.448782
38	17	8.505480
38	18	8.614273
38	19	8.438057
39	13	7.261909
39	14	7.741034
39	15	8.100510
39	16	8.344258
39	17	8.494402
39	18	8.562593
39	19	8.557020
39	20	8.369457
40	14	7.660819
40	15	7.980608
40	16	8.330043
40	17	8.427765
40	18	8.595259
40	19	8.538083
40	20	8.551301
40	21	8.173666
41	14	7.473380
41	15	7.913788
41	16	8.229892
41	17	8.412958
41	18	8.534371
41	19	8.576061
41	20	8.546703
42	15	7.769554
42	16	8.194173
42	17	8.347819
42	18	8.555613
42	19	8.551245
42	20	8.616559
42	21	8.444935
43	15	7.664314
43	16	8.058473
43	17	8.324068
43	18	8.488237
43	19	8.576635
43	20	8.600659
43	21	8.530821
44	16	7.994013
44	17	8.228843
44	18	8.493836
44	19	8.547340
44	20	8.658170
44	21	8.557381
44	22	8.533518
45	16	7.865431
45	17	8.183823
45	18	8.419947
45	19	8.554508
45	20	8.630540
45	21	8.618840
45	22	8.555631
45	23	8.379887
46	17	8.101934
46	18	8.411271
46	19	8.518137
46	20	8.668885
46	21	8.621922
46	22	8.656356
46	23	8.486079
47	18	8.322926
47	19	8.514544
47	20	8.639257
47	21	8.664995
47	22	8.661121
47	23	8.582127
48	19	8.430887
48	20	8.666467
48	21	8.656043
48	22	8.722903
48	23	8.623013
48	24	8.572210
49	19	8.386719
49	20	8.594630
49	21	8.686074
49	22	8.711055
49	23	8.682806
49	24	8.613239
50	19	8.281068
50	20	8.549795
50	21	8.633469
50	22	8.755618
50	23	8.695869
50	24	8.700981
50	25	8.532680
51	20	8.467716
51	21	8.596590
51	22	8.708890
51	23	8.742051
51	24	8.711954
51	25	8.633723
52	20	8.395590
52	21	8.531457
52	22	8.691571
52	23	8.714535
52	24	8.775944
52	25	8.670294
53	22	8.630132
53	23	8.710088
53	24	8.760155
53	25	8.734133
53	26	8.648757
54	21	8.400753
54	22	8.596924
54	23	8.662002
54	24	8.777914
54	25	8.737923
54	26	8.736344
54	27	8.569209
55	21	8.310432
55	22	8.516021
55	23	8.637817
55	24	8.731884
55	25	8.764988
55	26	8.746560
55	27	8.669575
56	22	8.459266
56	23	8.572855
56	24	8.723191
56	25	8.738300
56	26	8.790323
56	27	8.694817
57	22	8.357848
57	23	8.530874
57	24	8.663384
57	25	8.736723
57	26	8.770249
57	27	8.741858
57	28	8.670901
58	23	8.454330
58	24	8.641290
58	25	8.698010
58	26	8.792221
58	27	8.738947
58	28	8.732041
58	29	8.570869
59	23	8.394581
59	24	8.564795
59	25	8.680146
59	26	8.754743
59	27	8.768013
59	28	8.736570
59	29	8.641981
60	23	8.314372
60	24	8.533443
60	25	8.631637
60	26	8.755831
60	27	8.746745
60	28	8.780757
60	29	8.665585
61	24	8.454995
61	25	8.595859
61	26	8.703782
61	27	8.756154
61	28	8.765009
61	29	8.715507
61	30	8.610253
62	24	8.420321
62	25	8.530674
62	26	8.693248
62	27	8.721448
62	28	8.794549
62	29	8.718249
62	30	8.679398
63	25	8.496595
63	26	8.630124
63	27	8.717619
63	28	8.763489
63	29	8.752134
63	30	8.686279
64	25	8.431599
64	26	8.609280
64	27	8.675525
64	28	8.777467
64	29	8.739070
64	30	8.735898
64	31	8.611654
65	25	8.396148
65	26	8.541116
65	27	8.656649
65	28	8.736246
65	29	8.757096
65	30	8.724259
65	31	8.662154
66	26	8.514234
66	27	8.601438
66	28	8.739508
66	29	8.731472
66	30	8.759636
66	31	8.669373
66	32	8.625701
67	26	8.449695
67	27	8.577850
67	28	8.695750
67	29	8.737447
67	30	8.734154
67	31	8.707540
67	32	8.632850
68	26	8.406422
68	27	8.515833
68	28	8.682466
68	29	8.701890
68	30	8.755682
68	31	8.701220
68	32	8.688151
68	33	8.557814
69	27	8.489857
69	28	8.623099
69	29	8.695203
69	30	8.722731
69	31	8.724578
69	32	8.680962
69	33	8.611451
70	27	8.421601
70	28	8.603377
70	29	8.646861
70	30	8.729806
70	31	8.709279
70	32	8.721717
70	33	8.621684
71	27	8.391740
71	28	8.540304
71	29	8.635022
71	30	8.689014
71	31	8.717620
71	32	8.703326
71	33	8.663949
71	34	8.585635
71	35	8.489362
72	28	8.516242
72	29	8.586525
72	30	8.691609
72	31	8.687104
72	32	8.731745
72	33	8.660378
72	34	8.644854
72	35	8.510665
73	29	8.568557
73	30	8.645837
73	31	8.693873
73	32	8.705049
73	33	8.689663
73	34	8.641425
73	35	8.567849
74	29	8.521562
74	30	8.642107
74	31	8.663166
74	32	8.725200
74	33	8.680000
74	34	8.687708
74	35	8.583803
74	36	8.533034
75	29	8.490407
75	30	8.591299
75	31	8.660808
75	32	8.695602
75	33	8.700850
75	34	8.678907
75	35	8.628076
75	36	8.553439
75	37	8.448315
75	38	8.296551
76	29	8.443527
76	30	8.580083
76	31	8.624526
76	32	8.705238
76	33	8.682792
76	34	8.711478
76	35	8.635883
76	36	8.608815
76	37	8.486225
77	30	8.529135
77	31	8.613390
77	32	8.671044
77	33	8.695981
77	34	8.694691
77	35	8.666808
77	36	8.616836
77	37	8.537261
78	30	8.505576
78	31	8.577135
78	32	8.671665
78	33	8.673881
78	34	8.717808
78	35	8.661960
78	36	8.661256
78	37	8.558361
79	31	8.555580
79	32	8.634019
79	33	8.676622
79	34	8.695593
79	35	8.687600
79	36	8.657118
79	37	8.601147
79	38	8.523816
80	30	8.425997
80	31	8.507347
80	32	8.627318
80	33	8.650590
80	34	8.710819
80	35	8.677659
80	36	8.692917
80	37	8.611642
80	38	8.578555
80	39	8.455145
80	40	8.374107
81	31	8.487744
81	32	8.580801
81	33	8.648056
81	34	8.686005
81	35	8.695918
81	36	8.682793
81	37	8.645490
81	38	8.587348
81	39	8.509661
82	32	8.566304
82	33	8.614080
82	34	8.693198
82	35	8.682468
82	36	8.710647
82	37	8.647431
82	38	8.635698
83	33	8.602199
83	34	8.658557
83	35	8.693327
83	36	8.695621
83	37	8.675269
83	38	8.638381
83	39	8.575113
83	40	8.494988
84	34	8.658841
84	35	8.671522
84	36	8.717347
84	37	8.676117
84	38	8.677444
85	34	8.610476
85	35	8.674001
85	36	8.698562
85	37	8.697441
85	38	8.675710
85	39	8.628148
85	40	8.563732
86	34	8.582256
86	35	8.632450
86	36	8.712027
86	37	8.696901
86	38	8.708461
86	39	8.638434
86	40	8.612137
86	41	8.510272
87	34	8.530882
87	35	8.605510
87	36	8.675282
87	37	8.710983
87	38	8.705239
87	39	8.674848
87	40	8.623665
87	41	8.555305
88	34	8.494935
88	35	8.563931
88	36	8.656859
88	37	8.681115
88	38	8.732596
88	39	8.682540
88	40	8.665968
88	41	8.571282
89	35	8.534120
89	36	8.616959
89	37	8.664190
89	38	8.705924
89	39	8.713904
89	40	8.673284
89	41	8.617094
90	35	8.485069
90	36	8.591377
90	37	8.631483
90	38	8.695900
90	39	8.693272
90	40	8.709910
90	41	8.633318
90	42	8.596969
91	35	8.446330
91	36	8.545447
91	37	8.607564
91	38	8.663802
91	39	8.684872
91	40	8.693257
91	41	8.670836
91	42	8.613577
92	35	8.388687
92	36	8.512845
92	37	8.569417
92	38	8.648910
92	39	8.661554
92	40	8.692622
92	41	8.662318
92	42	8.657692
93	36	8.456834
93	37	8.540895
93	38	8.612773
93	39	8.648862
93	40	8.671566
93	41	8.664135
93	42	8.651370
93	43	8.608539
94	37	8.492663
94	38	8.593777
94	39	8.622774
94	40	8.666774
94	41	8.648852
94	42	8.662287
94	43	8.608690
95	37	8.459813
95	38	8.549082
95	39	8.604954
95	40	8.643569
95	41	8.647166
95	42	8.648674
95	43	8.622643
95	44	8.587386
96	37	8.407544
96	38	8.521419
96	39	8.569600
96	40	8.635368
96	41	8.628895
96	42	8.653941
96	43	8.614821
96	44	8.609326
96	45	8.534586
97	37	8.374508
97	38	8.473987
97	39	8.542927
97	40	8.603820
97	41	8.623167
97	42	8.635048
97	43	8.623680
97	44	8.604193
97	45	8.559808
97	46	8.502361
98	37	8.329223
98	38	8.448016
98	39	8.499439
98	40	8.581450
98	41	8.596341
98	42	8.635125
98	43	8.609959
98	44	8.620309
98	45	8.560799
98	46	8.533685
98	47	8.441627
99	37	8.292853
99	38	8.399161
99	39	8.472220
99	40	8.540758
99	41	8.578900
99	42	8.607754
99	43	8.613562
99	44	8.608627
99	45	8.580093
99	46	8.537982
100	38	8.376218
100	39	8.439145
100	40	8.524422
100	41	8.549948
100	42	8.604575
100	43	8.595070
100	44	8.619274
100	45	8.575103
100	46	8.563700
100	47	8.485098
100	48	8.438289
100	49	8.329666
100	50	8.247942
101	37	8.216371
101	38	8.325555
101	39	8.411918
101	40	8.488776
101	41	8.535337
101	42	8.572829
101	43	8.593049
101	44	8.601282
101	45	8.588173
101	46	8.560823
101	47	8.511455
102	38	8.300222
102	39	8.378974
102	40	8.467872
102	41	8.505349
102	42	8.568365
102	43	8.570579
102	44	8.607344
102	45	8.576900
102	46	8.580505
102	47	8.517343
102	48	8.484310
102	49	8.388714
102	50	8.324377
103	40	8.431299
103	41	8.491131
103	42	8.537225
103	43	8.566037
103	44	8.584283
103	45	8.584100
103	46	8.571231
103	47	8.537541
103	48	8.489733
104	41	8.457350
104	42	8.527760
104	43	8.540983
104	44	8.587333
104	45	8.568858
104	46	8.584799
104	47	8.536135
104	48	8.517683
104	49	8.434506
105	41	8.440617
105	42	8.494928
105	43	8.534619
105	44	8.561835
105	45	8.572651
105	46	8.570602
105	47	8.550343
105	48	8.516817
105	49	8.463185
105	50	8.396509
106	42	8.480718
106	43	8.506545
106	44	8.560929
106	45	8.553920
106	46	8.579945
106	47	8.544591
106	48	8.539052
106	49	8.470105
106	52	8.236717
107	42	8.445937
107	43	8.496195
107	44	8.533930
107	45	8.554099
107	46	8.560847
107	47	8.553854
107	48	8.533300
107	49	8.493977
108	43	8.463095
108	44	8.527332
108	45	8.532555
108	46	8.567024
108	47	8.541980
108	48	8.550018
108	49	8.495212
109	43	8.446498
109	44	8.497257
109	45	8.528244
109	46	8.544883
109	47	8.547944
109	48	8.538801
109	49	8.513095
109	50	8.470600
109	51	8.404890
109	52	8.318381
109	53	8.219474
110	43	8.410589
110	44	8.485485
110	45	8.503774
110	46	8.547328
110	47	8.532138
110	48	8.551320
110	49	8.508954
110	54	8.159116
111	43	8.391820
111	44	8.451880
111	45	8.496106
111	46	8.521914
111	47	8.534834
111	48	8.537127
111	49	8.522315
111	50	8.493186
111	51	8.440583
112	43	8.360234
112	44	8.437928
112	45	8.468958
112	46	8.520857
112	47	8.516444
112	48	8.544780
112	49	8.514720
112	50	8.513674
112	51	8.443648
113	44	8.405649
113	45	8.456070
113	46	8.493477
113	47	8.516117
113	48	8.527040
113	49	8.522951
113	50	8.506854
113	51	8.465300
113	52	8.404636
113	53	8.333830
113	54	8.246942
113	55	8.148088
114	45	8.425932
114	46	8.488060
114	47	8.493936
114	48	8.531565
114	49	8.511994
114	50	8.522576
114	51	8.462683
114	56	8.090038
115	44	8.349623
115	45	8.410472
115	46	8.457535
115	47	8.490593
115	48	8.510777
115	49	8.516549
115	50	8.514088
115	51	8.480915
115	52	8.431150
115	53	8.374564
116	45	8.377612
116	46	8.450393
116	47	8.466122
116	48	8.512410
116	49	8.501619
116	50	8.523134
116	51	8.475813
116	52	8.455687
116	53	8.381902
117	46	8.417833
117	47	8.460163
117	48	8.489032
117	49	8.503882
117	50	8.509630
117	51	8.487942
117	52	8.450931
117	53	8.404395
117	54	8.344297
118	46	8.405874
118	47	8.433990
118	48	8.487893
118	49	8.485685
118	50	8.516561
118	51	8.478942
118	52	8.469953
118	53	8.406119
118	54	8.374981
119	47	8.422470
119	48	8.460854
119	49	8.486187
119	50	8.499477
119	51	8.487937
119	52	8.462094
119	53	8.426789
119	54	8.378441
119	55	8.317334
120	46	8.355993
120	47	8.395307
120	48	8.458162
120	49	8.466318
120	50	8.504548
120	51	8.475690
120	52	8.477338
120	53	8.424027
120	54	8.404032
120	55	8.328480
121	47	8.384464
121	48	8.430891
121	49	8.463929
121	50	8.485257
121	51	8.482023
121	52	8.466930
121	53	8.441754
121	54	8.403764
121	55	8.352899
122	48	8.425233
122	49	8.442156
122	50	8.487945
122	51	8.468288
122	52	8.478137
122	53	8.437019
122	54	8.424664
122	55	8.359110
123	48	8.394558
123	49	8.437912
123	50	8.467278
123	51	8.472329
123	52	8.465544
123	53	8.449195
123	54	8.420926
123	55	8.380379
124	48	8.387108
124	49	8.414396
124	50	8.467441
124	51	8.456161
124	52	8.473273
124	53	8.441483
124	54	8.437554
124	55	8.383432
124	56	8.355820
125	48	8.357764
125	49	8.408482
125	50	8.445567
125	51	8.458164
125	52	8.458039
125	53	8.450294
125	54	8.430880
125	55	8.399785
125	56	8.358170
126	48	8.347307
126	49	8.384638
126	50	8.443564
126	51	8.440355
126	52	8.463242
126	53	8.439937
126	54	8.443712
126	55	8.399221
126	56	8.379718
126	57	8.312426
127	48	8.315132
127	49	8.375649
127	50	8.420780
127	51	8.439824
127	52	8.446113
127	53	8.445481
127	54	8.434105
127	55	8.411561
127	56	8.378437
127	57	8.333538
128	48	8.303632
128	49	8.352755
128	50	8.416765
128	51	8.420605
128	52	8.448740
128	53	8.432829
128	54	8.443296
128	55	8.406491
128	56	8.396240
128	57	8.337240
128	58	8.306925
129	49	8.339564
129	50	8.392840
129	51	8.418046
129	52	8.430396
129	53	8.435960
129	54	8.431400
129	55	8.416056
129	56	8.391109
129	57	8.356064
129	58	8.310940
130	48	8.256066
130	49	8.314048
130	50	8.386868
130	51	8.397409
130	52	8.430312
130	53	8.421071
130	54	8.437740
130	55	8.408789
130	56	8.405549
130	57	8.356196
130	58	8.333216
130	59	8.263756
131	49	8.298814
131	50	8.362896
131	51	8.392602
131	52	8.411221
131	53	8.422309
131	54	8.423748
131	55	8.415063
131	56	8.398587
131	57	8.370367
131	58	8.333449
131	59	8.285972
132	49	8.253773
132	50	8.354930
132	51	8.372634
132	52	8.408440
132	53	8.406435
132	54	8.427633
132	55	8.405612
132	56	8.409373
132	57	8.367881
132	58	8.352362
132	59	8.291431
133	50	8.310680
133	51	8.364873
133	52	8.389081
133	53	8.405319
133	54	8.412647
133	55	8.409978
133	56	8.400205
133	57	8.378841
133	58	8.349867
133	59	8.310258
133	60	8.262231
134	50	8.277873
134	51	8.327034
134	52	8.383836
134	53	8.389288
134	54	8.413689
134	55	8.398646
134	56	8.408171
134	57	8.374488
134	58	8.365794
134	59	8.312777
134	60	8.285538
135	51	8.292117
135	52	8.346470
135	53	8.384838
135	54	8.398505
135	55	8.401338
135	56	8.397533
135	57	8.382849
135	58	8.362049
135	59	8.328928
135	60	8.288154
135	61	8.236165
136	52	8.319429
136	53	8.350986
136	54	8.396158
136	55	8.389770
136	56	8.402755
136	57	8.376046
136	58	8.373466
136	59	8.329911
136	60	8.308512
136	61	8.243926
137	52	8.282114
137	53	8.327072
137	54	8.364256
137	55	8.388956
137	56	8.391827
137	57	8.381586
137	58	8.366955
137	59	8.341528
137	60	8.309561
137	61	8.263651
138	53	8.294988
138	54	8.345985
138	55	8.360146
138	56	8.393420
138	57	8.375164
138	58	8.377059
138	59	8.339238
138	60	8.325500
138	61	8.268543
138	62	8.237928
139	53	8.268249
139	54	8.311585
139	55	8.342338
139	56	8.367017
139	57	8.378063
139	58	8.370428
139	59	8.349482
139	60	8.323482
139	61	8.285514
139	62	8.243078
140	54	8.290919
140	55	8.314331
140	56	8.353174
140	57	8.355083
140	58	8.376368
140	59	8.346580
140	60	8.337824
140	61	8.289056
140	62	8.263820
140	63	8.197732
140	64	8.154975
141	54	8.256283
141	55	8.294351
141	56	8.326028
141	57	8.343264
141	58	8.355459
141	59	8.354029
141	60	8.335552
141	61	8.303940
141	62	8.265879
141	63	8.217691
141	64	8.164608
142	54	8.234897
142	55	8.264881
142	56	8.310836
142	57	8.320902
142	58	8.347108
142	59	8.336347
142	60	8.346066
142	61	8.306766
142	62	8.286017
142	63	8.226472
143	55	8.243641
143	56	8.281977
143	57	8.306235
143	58	8.324715
143	59	8.329464
143	60	8.330524
143	61	8.317769
143	62	8.288224
143	63	8.245824
143	64	8.198326
144	55	8.211879
144	56	8.265467
144	57	8.281725
144	58	8.314795
144	59	8.311575
144	60	8.326959
144	61	8.305331
144	62	8.303723
144	63	8.254191
144	64	8.221937
144	65	8.151287
145	55	8.188751
145	56	8.234100
145	57	8.267131
145	58	8.290081
145	59	8.302168
145	60	8.309223
145	61	8.302701
145	62	8.293057
145	63	8.269321
145	64	8.228953
145	65	8.174961
146	55	8.157557
146	56	8.216445
146	57	8.239325
146	58	8.278847
146	59	8.280600
146	60	8.304127
146	61	8.288692
146	62	8.293895
146	63	8.261964
146	64	8.249557
146	65	8.187186
147	57	8.222709
147	58	8.252628
147	59	8.270612
147	60	8.283638
147	61	8.284411
147	62	8.280614
147	63	8.263580
147	64	8.243378
147	65	8.206688
147	66	8.156712
148	55	8.100195
148	56	8.167277
148	57	8.196551
148	58	8.240335
148	59	8.249508
148	60	8.277213
148	61	8.268268
148	62	8.279673
148	63	8.253849
148	64	8.248382
148	65	8.204344
148	66	8.180943
149	58	8.214397
149	59	8.238418
149	60	8.255479
149	61	8.261573
149	62	8.263508
149	63	8.253590
149	64	8.239527
149	65	8.209864
149	66	8.179238
149	67	8.133540
150	58	8.200968
150	59	8.218952
150	60	8.249643
150	61	8.243852
150	62	8.261663
150	63	8.241380
150	64	8.242641
150	65	8.206371
150	66	8.189198
150	67	8.134855
151	58	8.178103
151	59	8.207823
151	60	8.230338
151	61	8.241331
151	62	8.244012
151	63	8.239339
151	64	8.231084
151	65	8.208913
151	66	8.184719
151	67	8.145588
151	68	8.104869
151	69	8.050124
152	59	8.187433
152	60	8.224062
152	61	8.226180
152	62	8.244102
152	63	8.226624
152	64	8.233449
152	65	8.202052
152	66	8.192959
152	67	8.144942
152	68	8.119347
152	69	8.056769
153	59	8.172430
153	60	8.204702
153	61	8.221392
153	62	8.228574
153	63	8.228740
153	64	8.220465
153	65	8.205093
153	66	8.185793
153	67	8.153684
153	68	8.118954
154	59	8.149519
154	60	8.193075
154	61	8.206221
154	62	8.226876
154	63	8.217139
154	64	8.224843
154	65	8.196703
154	66	8.193157
154	67	8.150713
154	68	8.132438
154	69	8.074222
155	61	8.195511
155	62	8.211264
155	63	8.216715
155	64	8.213297
155	65	8.202942
155	66	8.184382
155	67	8.159204
155	68	8.129484
155	69	8.088436
155	70	8.043828
156	60	8.158429
156	61	8.177068
156	62	8.205066
156	63	8.204682
156	64	8.215368
156	65	8.194682
156	66	8.192439
156	67	8.154249
156	68	8.141915
156	69	8.089637
156	70	8.061703
156	71	7.995697
157	61	8.164631
157	62	8.187419
157	63	8.199850
157	64	8.203550
157	65	8.198184
157	66	8.184648
157	67	8.163111
157	68	8.136414
157	69	8.101428
157	70	8.062894
157	73	7.896268
158	61	8.143276
158	62	8.177059
158	63	8.184759
158	64	8.201865
158	65	8.189195
158	66	8.190160
158	67	8.158493
158	68	8.147926
158	69	8.101199
158	70	8.079232
158	71	8.018581
159	62	8.157530
159	63	8.176760
159	64	8.187659
159	65	8.188842
159	66	8.181623
159	67	8.165145
159	68	8.142813
159	69	8.112754
159	70	8.078101
159	71	8.034640
159	72	7.986566
160	64	8.183057
160	65	8.177507
160	66	8.184087
160	67	8.158635
160	68	8.151685
160	69	8.110820
160	70	8.092601
160	71	8.038338
160	72	8.006369
160	73	7.938593
161	64	8.167233
161	65	8.174520
161	66	8.173344
161	67	8.163153
161	68	8.145910
161	69	8.120490
161	70	8.090447
161	71	8.052781
161	75	7.836532
162	64	8.159077
162	65	8.162853
162	66	8.173490
162	67	8.155452
162	68	8.152447
162	69	8.117624
162	70	8.102597
162	71	8.054590
162	72	8.027145
162	73	7.964348
163	65	8.155666
163	66	8.161818
163	67	8.157002
163	68	8.144780
163	69	8.125017
163	70	8.099170
163	71	8.066684
163	72	8.028110
163	73	7.981929
163	74	7.930308
164	65	8.139797
164	66	8.158746
164	67	8.147963
164	68	8.149061
164	69	8.119528
164	70	8.109478
164	71	8.065803
164	72	8.043833
164	73	7.986997
165	66	8.143942
165	67	8.146998
165	68	8.139976
165	69	8.125584
165	70	8.104790
165	71	8.076745
165	72	8.042872
165	73	8.003098
165	74	7.955974
166	65	8.112929
166	66	8.137313
166	67	8.135532
166	68	8.141992
166	69	8.118980
166	70	8.112427
166	71	8.074175
166	72	8.056438
166	73	8.004971
167	66	8.121028
167	67	8.130415
167	68	8.131779
167	69	8.122613
167	70	8.106226
167	71	8.083021
167	72	8.054184
167	73	8.018861
167	76	7.873979
168	66	8.112563
168	67	8.116850
168	68	8.129634
168	69	8.114982
168	70	8.111855
168	71	8.080350
168	72	8.065553
168	73	8.019428
168	74	7.993916
168	75	7.935120
168	78	7.773784
169	66	8.094798
169	67	8.109103
169	68	8.117052
169	69	8.114501
169	70	8.104489
169	71	8.086292
169	72	8.061778
169	73	8.030957
169	74	7.994537
169	75	7.951257
169	76	7.901276
170	67	8.093831
170	68	8.111994
170	69	8.105545
170	70	8.106639
170	71	8.081691
170	72	8.070875
170	73	8.030296
170	74	8.008962
170	75	7.955092
171	67	8.083642
171	68	8.097781
171	69	8.101923
171	70	8.097913
171	71	8.084691
171	72	8.066068
171	73	8.039791
171	74	8.008115
171	75	7.969412
171	76	7.924152
171	77	7.873595
171	78	7.816624
172	68	8.090444
172	69	8.091073
172	70	8.097457
172	71	8.078263
172	72	8.071751
172	73	8.037705
172	74	8.020175
172	75	7.971592
172	80	7.713757
173	69	8.084479
173	70	8.087456
173	71	8.079058
173	72	8.066016
173	73	8.044064
173	74	8.018333
173	75	7.983906
173	76	7.944033
173	77	7.898087
173	78	7.845413
174	69	8.070672
174	70	8.083876
174	71	8.071482
174	72	8.068545
174	73	8.040452
174	74	8.027256
174	75	7.985094
174	76	7.959466
174	77	7.902513
174	80	7.749821
175	69	8.061795
175	70	8.070954
175	71	8.069169
175	72	8.060774
175	73	8.044445
175	74	8.024112
175	75	7.994816
175	76	7.960725
175	77	7.918105
175	78	7.869415
175	79	7.817818
175	80	7.759325
176	69	8.045137
176	70	8.064100
176	71	8.059049
176	72	8.061366
176	73	8.038670
176	74	8.030112
176	75	7.993970
176	76	7.972678
176	77	7.921433
177	70	8.049989
177	71	8.053478
177	72	8.051886
177	73	8.040878
177	74	8.025035
177	75	8.001222
177	76	7.972397
177	77	7.934632
177	78	7.892489
177	79	7.843887
177	80	7.789922
177	81	7.732096
178	70	8.042857
178	71	8.042083
178	72	8.049493
178	73	8.034216
178	74	8.029308
178	75	7.998157
178	76	7.981923
178	77	7.936549
178	78	7.908255
178	79	7.849524
178	82	7.690866
179	71	8.035102
179	72	8.038596
179	73	8.033636
179	74	8.023328
179	75	8.003776
179	76	7.979483
179	77	7.947500
179	78	7.910651
179	79	7.865433
179	80	7.816199
180	71	8.022088
180	72	8.034981
180	73	8.025900
180	74	8.025488
180	75	8.000004
180	76	7.987431
180	77	7.947633
180	78	7.923611
180	79	7.870156
180	82	7.725688
181	72	8.022052
181	73	8.023418
181	74	8.018059
181	75	8.004110
181	76	7.983442
181	77	7.956572
181	78	7.924088
181	79	7.883835
181	80	7.839679
181	81	7.791931
181	82	7.734258
182	72	8.014886
182	73	8.012647
182	74	8.018316
182	75	7.998633
182	76	7.989728
182	77	7.954894
182	78	7.934758
182	79	7.887226
182	80	7.856968
182	81	7.796487
182	82	7.756338
183	72	8.000045
183	73	8.006753
183	74	8.008330
183	75	8.001017
183	76	7.985002
183	77	7.961790
183	78	7.933336
183	79	7.898538
183	80	7.859361
183	81	7.815674
183	82	7.762117
184	72	7.990732
184	73	7.993763
184	74	8.005087
184	75	7.992788
184	76	7.988696
184	77	7.959198
184	78	7.942562
184	79	7.900194
184	80	7.874368
184	81	7.818681
185	73	7.986370
185	74	7.992917
185	75	7.991026
185	76	7.981323
185	77	7.963722
185	78	7.939750
185	79	7.909488
185	80	7.874496
185	81	7.835564
186	73	7.971840
186	74	7.988607
186	75	7.981286
186	76	7.982829
186	77	7.958050
186	78	7.946809
186	79	7.909540
186	80	7.888261
186	81	7.839167
186	82	7.805343
186	83	7.739245
187	74	7.975120
187	75	7.977947
187	76	7.973776
187	77	7.961558
187	78	7.941317
187	79	7.917305
187	80	7.886986
187	81	7.852458
187	82	7.808363
187	83	7.758155
188	74	7.969048
188	75	7.966743
188	76	7.973860
188	77	7.954761
188	78	7.947912
188	79	7.914378
188	80	7.899051
188	81	7.853108
188	82	7.824844
188	83	7.764244
188	84	7.724622
189	74	7.952715
189	75	7.961804
189	76	7.962995
189	77	7.956039
189	78	7.941477
189	79	7.921987
189	80	7.896942
189	81	7.866196
189	82	7.826480
189	83	7.780980
189	84	7.731096
190	74	7.947121
190	75	7.949687
190	76	7.962096
190	77	7.947688
190	78	7.946582
190	79	7.919086
190	80	7.907016
190	81	7.865860
190	82	7.841130
190	83	7.786939
190	84	7.749454
191	75	7.943949
191	76	7.950560
191	77	7.948101
191	78	7.938725
191	79	7.924741
191	80	7.903805
191	81	7.877134
191	82	7.841441
191	83	7.800665
191	84	7.753708
192	76	7.948516
192	77	7.938986
192	78	7.942514
192	79	7.920125
192	80	7.912065
192	81	7.876016
192	82	7.854669
192	83	7.803666
192	84	7.771078
193	76	7.936261
193	77	7.938121
193	78	7.933773
193	79	7.924110
193	80	7.907914
193	81	7.884523
193	82	7.853918
193	83	7.817110
193	84	7.774129
193	85	7.727518
194	76	7.932010
194	77	7.928475
194	78	7.935957
194	79	7.919032
194	80	7.914643
194	81	7.882951
194	82	7.865416
194	83	7.819025
194	84	7.789296
194	85	7.734658
195	76	7.918658
195	77	7.924902
195	78	7.926567
195	79	7.921392
195	80	7.909329
195	81	7.890727
195	82	7.863940
195	83	7.830748
195	84	7.791100
195	85	7.748121
195	86	7.700307
196	76	7.912248
196	77	7.914163
196	78	7.926544
196	79	7.914861
196	80	7.914373
196	81	7.888289
196	82	7.873400
196	83	7.831900
196	84	7.804773
196	85	7.752051
196	86	7.717990
197	77	7.909018
197	78	7.915984
197	79	7.915661
197	80	7.908643
197	81	7.893505
197	82	7.871298
197	83	7.841636
197	84	7.805535
197	85	7.765960
197	86	7.722294
198	78	7.914169
198	79	7.908573
198	80	7.911553
198	81	7.890127
198	82	7.878882
198	83	7.841189
198	84	7.817561
198	85	7.769159
198	86	7.737726
199	77	7.891218
199	78	7.902319
199	79	7.906943
199	80	7.905284
199	81	7.893876
199	82	7.875717
199	83	7.849526
199	84	7.817537
199	85	7.781466
199	86	7.740846
199	87	7.695312
200	78	7.899216
200	79	7.898635
200	80	7.905899
200	81	7.889707
200	82	7.881771
200	83	7.848494
200	84	7.827504
200	85	7.783758
200	86	7.754938
200	87	7.700385
201	78	7.885835
201	79	7.895176
201	80	7.897564
201	81	7.891277
201	82	7.877812
201	83	7.854806
201	84	7.826580
201	85	7.794153
201	86	7.756841
201	87	7.714797
202	79	7.886140
202	80	7.896852
202	81	7.886234
202	82	7.882115
202	83	7.852496
202	84	7.834719
202	85	7.794542
202	86	7.769303
202	87	7.718812
202	88	7.684883
203	79	7.880864
203	80	7.887482
203	81	7.886052
203	82	7.877397
203	83	7.857549
203	84	7.832844
203	85	7.803652
203	86	7.770226
203	87	7.731783
203	88	7.689628
204	80	7.885545
204	81	7.880022
204	82	7.879931
204	83	7.854320
204	84	7.839045
204	85	7.803552
204	86	7.780642
204	87	7.734687
204	88	7.704156
205	80	7.874731
205	81	7.878393
205	82	7.874330
205	83	7.857302
205	84	7.836156
205	85	7.810205
205	86	7.780742
205	87	7.745686
205	88	7.706997
206	80	7.869170
206	81	7.871720
206	82	7.875361
206	83	7.853323
206	84	7.840563
206	85	7.808793
206	86	7.788956
206	87	7.746940
206	88	7.719805
206	89	7.667724
207	80	7.847312
207	81	7.866793
207	82	7.869865
207	83	7.854504
207	84	7.836673
207	85	7.814037
207	86	7.787980
207	87	7.756232
207	88	7.721634
207	89	7.681172
208	81	7.847180
208	82	7.867452
208	83	7.849852
208	84	7.839357
208	85	7.811663
208	86	7.794231
208	87	7.756899
208	88	7.732084
208	89	7.684831
209	81	7.833365
209	82	7.848647
209	83	7.847985
209	84	7.835187
209	85	7.814763
209	86	7.792115
209	87	7.763686
209	88	7.733033
209	89	7.695847
209	90	7.655464
210	81	7.813585
210	82	7.835964
210	83	7.832541
210	84	7.834345
210	85	7.811662
210	86	7.796632
210	87	7.763136
210	88	7.741281
210	89	7.697896
210	90	7.669156
211	82	7.817000
211	83	7.819770
211	84	7.818783
211	85	7.811354
211	86	7.793941
211	87	7.768443
211	88	7.741066
211	89	7.707176
211	90	7.671711
212	82	7.804312
212	83	7.803310
212	84	7.810243
212	85	7.798306
212	86	7.794797
212	87	7.766946
212	88	7.747472
212	89	7.708546
212	90	7.682156
212	91	7.633543
213	82	7.785082
213	83	7.791016
213	84	7.794023
213	85	7.790003
213	86	7.782192
213	87	7.768433
213	88	7.746415
213	89	7.715524
213	90	7.683852
213	91	7.644760
214	82	7.772386
214	83	7.773492
214	84	7.785115
214	85	7.776365
214	86	7.777102
214	87	7.757739
214	88	7.749135
214	89	7.715907
214	90	7.692237
214	91	7.647584
215	83	7.761627
215	84	7.768169
215	85	7.767855
215	86	7.763814
215	87	7.753260
215	88	7.739317
215	89	7.719501
215	90	7.693001
215	91	7.657061
216	83	7.743499
216	84	7.758813
216	85	7.752999
216	86	7.758644
216	87	7.742414
216	88	7.737347
216	89	7.711356
216	90	7.697634
216	91	7.659308
217	84	7.741281
217	85	7.744612
217	86	7.744403
217	87	7.737774
217	88	7.726921
217	89	7.710324
217	90	7.690547
217	91	7.664579
217	92	7.635026
218	84	7.731521
218	85	7.729124
218	86	7.738751
218	87	7.726715
218	88	7.724998
218	89	7.702176
218	90	7.691567
218	91	7.659104
218	92	7.640587
219	85	7.720191
219	86	7.723771
219	87	7.721169
219	88	7.714054
219	89	7.700548
219	90	7.683720
219	91	7.661662
219	92	7.636669
220	85	7.703810
220	86	7.717248
220	87	7.709740
220	88	7.711684
220	89	7.692315
220	90	7.684589
221	86	7.701388
221	87	7.703252
221	88	7.701134
221	89	7.690539
221	90	7.676072
222	86	7.694491
222	87	7.691076
222	88	7.696687
222	89	7.682802
223	87	7.683658
223	88	7.685303
223	89	7.679141
223	90	7.668640
223	91	7.651971
223	92	7.632688
224	87	7.670775
224	88	7.679917
224	89	7.670140
224	90	7.667712
224	91	7.646925
224	92	7.635203
225	87	7.662970
225	88	7.667581
225	89	7.665686
225	90	7.659222
225	91	7.646721
225	92	7.629747
225	93	7.607544
226	87	7.649028
226	88	7.661956
226	89	7.655658
226	90	7.657121
226	91	7.641110
227	87	7.640836
227	88	7.648297
227	89	7.650701
227	90	7.647452
227	91	7.639488
227	92	7.626393
227	93	7.607351
228	88	7.642421
228	89	7.639191
228	90	7.645074
228	91	7.632204
228	94	7.590489
229	87	7.617691
229	88	7.628482
229	89	7.632966
229	90	7.634646
229	91	7.629869
229	92	7.620721
229	93	7.606087
229	94	7.586862
230	88	7.621907
230	89	7.621593
230	90	7.630990
230	91	7.621891
230	92	7.620923
230	93	7.601776
230	94	7.590994
231	89	7.614407
231	90	7.620112
231	91	7.618420
231	92	7.613381
231	93	7.602125
232	89	7.602450
232	90	7.615026
232	91	7.609501
233	90	7.602886
233	91	7.604864
233	92	7.603953
233	93	7.596176
233	96	7.546002
234	90	7.596849
234	91	7.594673
234	92	7.600708
234	93	7.589630
234	96	7.550681
235	90	7.583374
235	91	7.588236
235	92	7.590907
235	93	7.587049
236	91	7.577504
236	92	7.586477
236	93	7.579209
237	91	7.569902
237	92	7.576094
237	93	7.574982
238	91	7.558870
238	92	7.570120
238	93	7.566214
238	94	7.568354
238	95	7.555578
239	92	7.558557
239	93	7.560561
239	94	7.560311
240	92	7.551771
240	93	7.550180
240	94	7.556036
240	95	7.547006
241	93	7.544263
241	94	7.546432
241	95	7.543272
242	93	7.533397
242	94	7.541321
242	95	7.534984
243	94	7.531004
243	95	7.530169
243	96	7.526918
244	94	7.524817
244	95	7.521301
244	96	7.523944
244	97	7.511468
245	94	7.513576
245	95	7.515306
245	96	7.515766
245	97	7.509264
246	94	7.506538
246	95	7.504986
246	96	7.511465
246	97	7.502797
247	96	7.501928
247	97	7.498936
249	96	7.485552
249	97	7.486027
250	96	7.478940
250	97	7.475961
251	96	7.466724
251	97	7.469264
251	98	7.470502
251	99	7.465881
252	98	7.465349
252	99	7.457244
253	98	7.454831
253	99	7.452874
254	98	7.449228
254	99	7.443584
255	99	7.437822
255	100	7.435890
255	101	7.428729
256	100	7.431783
256	101	7.420409
257	100	7.422196
257	101	7.417569
264	108	7.298239
