16	5	5.50923	5.22895	0.280278
16	6	6.92205	6.9944	-0.0723487
16	7	7.37381	7.45416	-0.0803506
16	8	7.97621	7.85638	0.119828
16	9	6.96373	6.9529	0.0108313
16	10	6.08257	5.99188	0.090695
17	5	5.26646	4.942	0.324458
17	6	6.55762	6.51045	0.0471701
17	7	7.28615	7.47388	-0.187728
17	8	7.75073	7.83231	-0.0815773
17	9	7.54233	7.58573	-0.0433996
17	10	6.64283	6.73414	-0.0913141
18	6	6.42575	6.28695	0.138801
18	7	7.03849	7.13239	-0.0939033
18	8	7.76703	7.96429	-0.197266
18	9	7.63161	7.7283	-0.096694
18	10	7.34128	7.47876	-0.137475
18	11	6.24933	6.16132	0.0880041
19	6	6.11791	5.78672	0.331189
19	7	6.94824	7.00627	-0.0580377
19	8	7.56639	7.73958	-0.173196
19	9	7.77902	7.98666	-0.207641
19	10	7.56738	7.74749	-0.180112
19	11	6.93802	7.02208	-0.0840562
19	12	5.83825	5.81043	0.0278244
20	6	5.95873	5.52794	0.430791
20	7	6.70924	6.60435	0.104888
20	8	7.56851	7.69441	-0.125901
20	9	7.72013	7.89148	-0.171352
20	10	8.03224	8.1022	-0.0699636
20	11	7.29864	7.41995	-0.121306
20	12	6.72339	6.75133	-0.0279429
21	7	6.6081	6.41072	0.197379
21	8	7.38933	7.37678	0.012554
21	9	7.73829	7.9433	-0.205012
21	10	7.97171	8.11029	-0.138578
21	11	7.76552	7.87774	-0.112221
22	7	6.36608	5.99521	0.370873
22	8	7.36482	7.23992	0.124899
22	9	7.62429	7.72447	-0.10018
22	10	8.08047	8.23977	-0.159306
22	11	7.91571	7.99491	-0.0792014
23	8	7.16385	6.88443	0.279417
23	9	7.62041	7.6607	-0.0402935
23	10	7.95526	8.10269	-0.147435
23	11	8.11149	8.21039	-0.0988997
23	12	7.90113	7.98381	-0.0826858
24	8	7.01593	6.7019	0.314031
24	9	7.46296	7.37997	0.0829868
24	10	7.99332	8.09959	-0.10627
24	11	8.0635	8.16255	-0.0990556
24	12	8.26071	8.26707	-0.00635808
24	13	7.64992	7.71493	-0.0650082
25	9	7.33876	7.25191	0.0868571
25	10	7.8427	7.88254	-0.0398373
25	11	8.1014	8.22924	-0.127838
25	12	8.2235	8.292	-0.0684944
25	13	8.02114	8.07083	-0.049683
26	9	7.09774	6.94365	0.154094
26	10	7.75389	7.80102	-0.047127
26	11	8.00426	8.08414	-0.0798807
26	12	8.33387	8.41558	-0.0817074
26	13	8.14977	8.17277	-0.0230019
27	9	6.88732	6.7811	0.106215
27	10	7.51971	7.54191	-0.0221978
27	11	7.95693	8.05845	-0.101518
27	12	8.26385	8.33074	-0.0668816
27	13	8.33155	8.35876	-0.0272153
27	14	8.12433	8.14253	-0.0181914
28	10	7.39032	7.41457	-0.0242584
28	11	7.7993	7.85695	-0.0576541
28	12	8.27241	8.35175	-0.079344
28	13	8.30989	8.33912	-0.0292342
28	14	8.44774	8.37891	0.0688323
28	15	7.90787	7.91127	-0.00340135
29	10	7.17886	7.13588	0.0429734
29	11	7.68267	7.77391	-0.0912464
29	12	8.11376	8.19951	-0.0857501
29	13	8.34872	8.41267	-0.0639489
29	14	8.44863	8.4134	0.0352314
29	15	8.25123	8.2017	0.0495306
30	10	7.04047	6.9828	0.0576646
30	11	7.50575	7.54118	-0.0354215
30	12	8.0554	8.1543	-0.0988965
30	13	8.26138	8.31501	-0.0536281
30	14	8.52065	8.53047	-0.00981647
30	15	8.3535	8.29352	0.0599765
31	11	7.38549	7.42303	-0.037534
31	12	7.87226	7.96153	-0.0892742
31	13	8.22561	8.31353	-0.0879223
31	14	8.45829	8.47902	-0.0207334
31	15	8.48118	8.458	0.0231735
31	16	8.28187	8.25048	0.0313924
32	11	7.20662	7.17478	0.0318365
32	12	7.80777	7.87372	-0.0659499
32	13	8.09918	8.16617	-0.0669919
32	14	8.48157	8.51448	-0.0329131
32	15	8.46413	8.4563	0.00782902
32	16	8.49313	8.45399	0.039142
32	17	8.07225	8.04519	0.0270644
33	11	7.05631	7.03588	0.0204358
33	12	7.63852	7.65775	-0.0192306
33	13	8.02159	8.11452	-0.0929345
33	14	8.3604	8.40618	-0.0457798
33	15	8.51381	8.53274	-0.0189256
33	16	8.49763	8.49418	0.00344924
33	17	8.30476	8.29053	0.0142316
34	12	7.53612	7.54298	-0.006864
34	13	7.85843	7.93618	-0.0777471
34	14	8.33614	8.38555	-0.0494159
34	15	8.44845	8.4672	-0.0187474
34	16	8.5835	8.60501	-0.0215117
34	17	8.39896	8.3751	0.0238624
35	13	7.78445	7.85117	-0.0667212
35	14	8.16867	8.24003	-0.071356
35	15	8.44625	8.48166	-0.0354098
35	16	8.53786	8.57606	-0.0382004
35	17	8.52028	8.52323	-0.00294702
35	18	8.32747	8.32317	0.00429945
36	13	7.62819	7.6544	-0.0262096
36	14	8.11381	8.18088	-0.0670713
36	15	8.30787	8.37269	-0.0648268
36	16	8.57539	8.62042	-0.0450331
36	17	8.52193	8.53349	-0.0115593
36	18	8.51991	8.50247	0.0174437
36	19	8.14247	8.13678	0.00568887
37	13	7.52762	7.54756	-0.0199361
37	14	7.95313	8.01156	-0.0584231
37	15	8.2675	8.34342	-0.0759102
37	16	8.45993	8.54314	-0.0832012
37	17	8.57028	8.61072	-0.0404352
37	18	8.52714	8.54616	-0.0190161
37	19	8.33985	8.34946	-0.0096081
38	13	7.38129	7.34083	0.0404585
38	14	7.89012	7.92614	-0.0360197
38	15	8.15086	8.20525	-0.0543923
38	16	8.44878	8.53964	-0.0908532
38	17	8.50548	8.56782	-0.0623445
38	18	8.61427	8.65128	-0.0370092
38	19	8.43806	8.42855	0.00951073
39	13	7.26191	7.22013	0.0417794
39	14	7.74103	7.74229	-0.00125797
39	15	8.10051	8.14517	-0.0446583
39	16	8.34426	8.42876	-0.0845006
39	17	8.4944	8.59306	-0.0986609
39	18	8.56259	8.63808	-0.0754881
39	19	8.55702	8.56381	-0.00679337
39	20	8.36946	8.37026	-0.000802562
40	14	7.66082	7.63926	0.0215623
40	15	7.98061	7.98783	-0.00721838
40	16	8.33004	8.39076	-0.0607179
40	17	8.42777	8.51221	-0.0844434
40	18	8.59526	8.68802	-0.0927616
40	19	8.53808	8.58235	-0.0442629
40	20	8.5513	8.53104	0.0202651
40	21	8.17367	8.19824	-0.0245729
41	14	7.47338	7.44734	0.026039
41	15	7.91379	7.90621	0.00757712
41	16	8.22989	8.25684	-0.0269441
41	17	8.41296	8.49922	-0.0862585
41	18	8.53437	8.63335	-0.0989813
41	19	8.57606	8.65924	-0.0831824
41	20	8.5467	8.57689	-0.0301868
42	15	7.76955	7.73681	0.0327481
42	16	8.19417	8.19406	0.000116305
42	17	8.34782	8.39142	-0.0436012
42	18	8.55561	8.64207	-0.0864607
42	19	8.55124	8.63284	-0.0815949
42	20	8.61656	8.6769	-0.0603371
42	21	8.44493	8.46107	-0.0161301
43	15	7.66431	7.64037	0.0239406
43	16	8.05847	8.04469	0.0137794
43	17	8.32407	8.35032	-0.0262568
43	18	8.48824	8.55727	-0.0690298
43	19	8.57663	8.66552	-0.0888847
43	20	8.60066	8.67508	-0.0744245
43	21	8.53082	8.58596	-0.0551372
44	16	7.99401	7.96426	0.0297507
44	17	8.22884	8.22366	0.00518477
44	18	8.49384	8.53516	-0.0413246
44	19	8.54734	8.60578	-0.0584443
44	20	8.65817	8.72851	-0.0703444
44	21	8.55738	8.61037	-0.0529848
44	22	8.53352	8.54432	-0.0108056
45	16	7.86543	7.80499	0.0604405
45	17	8.18382	8.16198	0.0218401
45	18	8.41995	8.42861	-0.00866534
45	19	8.55451	8.60488	-0.0503708
45	20	8.63054	8.69078	-0.0602423
45	21	8.61884	8.68632	-0.0674828
45	22	8.55563	8.5915	-0.0358693
45	23	8.37989	8.40631	-0.0264278
46	17	8.10193	8.0224	0.0795331
46	18	8.41127	8.38348	0.0277909
46	19	8.51814	8.52051	-0.00237245
46	20	8.66888	8.7084	-0.0395121
46	21	8.62192	8.67223	-0.050313
46	22	8.65636	8.68693	-0.0305751
46	23	8.48608	8.47758	0.00850157
47	18	8.32293	8.26146	0.0614639
47	19	8.51454	8.49408	0.0204634
47	20	8.63926	8.64364	-0.00437901
47	21	8.66499	8.71013	-0.0451333
47	22	8.66112	8.69356	-0.0324364
47	23	8.58213	8.59392	-0.0117965
48	19	8.43089	8.39165	0.0392395
48	20	8.66647	8.63366	0.0328031
48	21	8.65604	8.66661	-0.0105681
48	22	8.7229	8.74914	-0.0262328
48	23	8.62301	8.62259	0.000421685
48	24	8.57221	8.54562	0.0265857
49	19	8.38672	8.34586	0.0408612
49	20	8.59463	8.54865	0.0459754
49	21	8.68607	8.67482	0.0112492
49	22	8.71105	8.72437	-0.0133133
49	23	8.68281	8.69729	-0.014479
49	24	8.61324	8.59358	0.0196639
50	19	8.28107	8.23036	0.0507119
50	20	8.54979	8.51744	0.0323557
50	21	8.63347	8.60886	0.0246134
50	22	8.75562	8.74856	0.00705941
50	23	8.69587	8.69259	0.00327441
50	24	8.70098	8.68492	0.0160637
50	25	8.53268	8.48157	0.051107
51	20	8.46772	8.41739	0.0503282
51	21	8.59659	8.59391	0.00268493
51	22	8.70889	8.6995	0.00938976
51	23	8.74205	8.73417	0.00787767
51	24	8.71195	8.69792	0.0140297
51	25	8.63372	8.59075	0.0429698
52	20	8.39559	8.36985	0.0257365
52	21	8.53146	8.51089	0.0205676
52	22	8.69157	8.69893	-0.00735637
52	23	8.71453	8.70334	0.0111914
52	24	8.77594	8.75476	0.0211821
52	25	8.67029	8.62256	0.0477355
53	22	8.63013	8.63112	-0.000992759
53	23	8.71009	8.71854	-0.00844709
53	24	8.76015	8.7401	0.0200514
53	25	8.73413	8.69583	0.0383027
53	26	8.64876	8.58572	0.0630419
54	21	8.40075	8.38202	0.0187306
54	22	8.59692	8.61101	-0.014085
54	23	8.662	8.66725	-0.00524341
54	24	8.77791	8.76922	0.00869714
54	25	8.73792	8.69844	0.0394848
54	26	8.73634	8.67339	0.0629495
54	27	8.56921	8.4756	0.0936083
55	21	8.31043	8.33495	-0.0245205
55	22	8.51602	8.52882	-0.0127972
55	23	8.63782	8.66139	-0.0235695
55	24	8.73188	8.73266	-0.000773211
55	25	8.76499	8.74263	0.0223576
55	26	8.74656	8.69131	0.0552538
55	27	8.66958	8.57868	0.0908906
56	22	8.45927	8.4933	-0.0340316
56	23	8.57286	8.59413	-0.0212756
56	24	8.72319	8.73946	-0.0162661
56	25	8.7383	8.72188	0.0164158
56	26	8.79032	8.7488	0.0415183
56	27	8.69482	8.61283	0.0819911
57	22	8.35785	8.40016	-0.042309
57	23	8.53087	8.57148	-0.0406059
57	24	8.66338	8.68559	-0.022203
57	25	8.73672	8.74248	-0.00575507
57	26	8.77025	8.74215	0.0280957
57	27	8.74186	8.68461	0.0572455
57	28	8.6709	8.56986	0.101045
58	23	8.45433	8.49183	-0.0375016
58	24	8.64129	8.67442	-0.0331267
58	25	8.69801	8.70306	-0.00505074
58	26	8.79222	8.77499	0.0172334
58	27	8.73895	8.69297	0.0459736
58	28	8.73204	8.65424	0.077799
58	29	8.57087	8.46157	0.1093
59	23	8.39458	8.45581	-0.0612244
59	24	8.5648	8.60691	-0.0421162
59	25	8.68015	8.70448	-0.024335
59	26	8.75474	8.74851	0.00622815
59	27	8.76801	8.73901	0.0290002
59	28	8.73657	8.67597	0.0605952
59	29	8.64198	8.5594	0.0825802
60	23	8.31437	8.36662	-0.0522469
60	24	8.53344	8.58128	-0.0478325
60	25	8.63164	8.65016	-0.0185279
60	26	8.75583	8.76116	-0.00533007
60	27	8.74675	8.72639	0.0203549
60	28	8.78076	8.73373	0.0470311
60	29	8.66559	8.59529	0.0702904
61	24	8.455	8.50309	-0.0480943
61	25	8.59586	8.636	-0.0401427
61	26	8.70378	8.71871	-0.0149259
61	27	8.75615	8.75121	0.00494628
61	28	8.76501	8.7335	0.0315077
61	29	8.71551	8.66559	0.0499183
61	30	8.61025	8.54747	0.0627832
62	24	8.42032	8.46583	-0.0455083
62	25	8.53067	8.56984	-0.0391652
62	26	8.69325	8.71482	-0.0215682
62	27	8.72145	8.72151	-6.01937e-05
62	28	8.79455	8.76917	0.0253817
62	29	8.71825	8.67854	0.0397076
62	30	8.6794	8.62888	0.0505154
63	25	8.49659	8.54302	-0.0464244
63	26	8.63012	8.65951	-0.0293836
63	27	8.71762	8.72881	-0.0111934
63	28	8.76349	8.75093	0.0125555
63	29	8.75213	8.72587	0.0262628
63	30	8.68628	8.65363	0.0326536
64	25	8.4316	8.46749	-0.0358907
64	26	8.60928	8.64207	-0.0327887
64	27	8.67553	8.68523	-0.00970635
64	28	8.77747	8.76826	0.00920777
64	29	8.73907	8.71987	0.0191991
64	30	8.7359	8.71135	0.0245503
64	31	8.61165	8.57141	0.0402457
65	25	8.39615	8.43041	-0.0342613
65	26	8.54112	8.57646	-0.0353415
65	27	8.65665	8.67807	-0.0214258
65	28	8.73625	8.73526	0.00098479
65	29	8.7571	8.74802	0.00907927
65	30	8.72426	8.71634	0.00791763
65	31	8.66215	8.64024	0.0219189
66	26	8.51423	8.54793	-0.0336975
66	27	8.60144	8.62324	-0.0217984
66	28	8.73951	8.73734	0.00216525
66	29	8.73147	8.72636	0.00511599
66	30	8.75964	8.75417	0.00546538
66	31	8.66937	8.65689	0.0124808
66	32	8.6257	8.59842	0.0272859
67	26	8.4497	8.47411	-0.0244153
67	27	8.57785	8.60414	-0.0262926
67	28	8.69575	8.69226	0.00349206
67	29	8.73745	8.73846	-0.00100939
67	30	8.73415	8.74274	-0.00858394
67	31	8.70754	8.7051	0.00243743
67	32	8.63285	8.62555	0.00729972
68	26	8.40642	8.43653	-0.0301068
68	27	8.51583	8.54021	-0.0243765
68	28	8.68247	8.68167	0.000800392
68	29	8.70189	8.70386	-0.00197461
68	30	8.75568	8.76384	-0.00815703
68	31	8.70122	8.70456	-0.00333637
68	32	8.68815	8.68305	0.00510188
68	33	8.55781	8.54228	0.0155292
69	27	8.48986	8.51127	-0.021415
69	28	8.6231	8.62671	-0.00361218
69	29	8.6952	8.70254	-0.00733277
69	30	8.72273	8.73875	-0.0160148
69	31	8.72458	8.73534	-0.0107631
69	32	8.68096	8.69232	-0.0113599
69	33	8.61145	8.60969	0.00176293
70	27	8.4216	8.44003	-0.0184312
70	28	8.60338	8.60559	-0.00220962
70	29	8.64686	8.65728	-0.0104224
70	30	8.72981	8.74577	-0.015961
70	31	8.70928	8.72039	-0.0111138
70	32	8.72172	8.73181	-0.0100886
70	33	8.62168	8.62936	-0.0076766
71	27	8.39174	8.40299	-0.0112539
71	28	8.5403	8.5426	-0.00230044
71	29	8.63502	8.64471	-0.00969222
71	30	8.68901	8.70932	-0.0203093
71	31	8.71762	8.73643	-0.0188117
71	32	8.70333	8.72604	-0.0227134
71	33	8.66395	8.67815	-0.0141974
71	34	8.58563	8.59275	-0.00711763
71	35	8.48936	8.46986	0.0195038
72	28	8.51624	8.51274	0.0035038
72	29	8.58652	8.5907	-0.00417099
72	30	8.69161	8.70449	-0.0128796
72	31	8.6871	8.70943	-0.0223264
72	32	8.73175	8.75021	-0.018462
72	33	8.66038	8.68213	-0.0217548
72	34	8.64485	8.64989	-0.00503945
72	35	8.51066	8.5088	0.00186174
73	29	8.56856	8.56872	-0.000167129
73	30	8.64584	8.65863	-0.0127935
73	31	8.69387	8.71298	-0.0191089
73	32	8.70505	8.73178	-0.0267292
73	33	8.68966	8.71502	-0.0253564
73	34	8.64142	8.66271	-0.0212806
73	35	8.56785	8.57484	-0.00698779
74	29	8.52156	8.50753	0.0140361
74	30	8.64211	8.64381	-0.00170685
74	31	8.66317	8.6759	-0.0127379
74	32	8.7252	8.74291	-0.0177123
74	33	8.68	8.70572	-0.0257229
74	34	8.68771	8.70345	-0.0157438
74	35	8.5838	8.59698	-0.0131799
74	36	8.53303	8.52543	0.00760174
75	29	8.49041	8.4777	0.0127083
75	30	8.5913	8.59017	0.00113059
75	31	8.66081	8.66888	-0.00806994
75	32	8.6956	8.71383	-0.0182253
75	33	8.70085	8.72502	-0.0241666
75	34	8.67891	8.70245	-0.0235387
75	35	8.62808	8.64611	-0.0180387
75	36	8.55344	8.55602	-0.00258461
75	37	8.44831	8.43217	0.0161427
75	38	8.29655	8.27456	0.0219901
76	29	8.44353	8.41065	0.0328757
76	30	8.58008	8.56695	0.0131294
76	31	8.62453	8.62339	0.00113508
76	32	8.70524	8.71386	-0.00862652
76	33	8.68279	8.70447	-0.0216811
76	34	8.71148	8.72912	-0.01764
76	35	8.63588	8.6539	-0.018015
76	36	8.60881	8.61271	-0.00389919
76	37	8.48622	8.47167	0.0145596
77	30	8.52914	8.50689	0.0222432
77	31	8.61339	8.60741	0.00598251
77	32	8.67104	8.67582	-0.00477851
77	33	8.69598	8.71214	-0.0161559
77	34	8.69469	8.71635	-0.0216595
77	35	8.66681	8.68846	-0.0216556
77	36	8.61684	8.62848	-0.0116399
77	37	8.53726	8.53639	0.000873401
78	30	8.50558	8.47662	0.0289548
78	31	8.57714	8.55492	0.0222128
78	32	8.67167	8.66641	0.00525437
78	33	8.67388	8.68208	-0.00819566
78	34	8.71781	8.73093	-0.0131221
78	35	8.66196	8.68396	-0.0220012
78	36	8.66126	8.67018	-0.00892368
78	37	8.55836	8.56058	-0.0022148
79	31	8.55558	8.53136	0.0242207
79	32	8.63402	8.62085	0.0131647
79	33	8.67662	8.67979	-0.00316403
79	34	8.69559	8.70815	-0.0125615
79	35	8.6876	8.70596	-0.0183597
79	36	8.65712	8.6732	-0.0160837
79	37	8.60115	8.60988	-0.00873339
79	38	8.52382	8.516	0.00782017
80	30	8.426	8.37512	0.0508816
80	31	8.50735	8.47307	0.0342747
80	32	8.62732	8.6034	0.0239184
80	33	8.65059	8.64168	0.00890671
80	34	8.71082	8.71234	-0.00151847
80	35	8.67766	8.69095	-0.013289
80	36	8.69292	8.70193	-0.00901194
80	37	8.61164	8.62087	-0.00922425
80	38	8.57855	8.57217	0.00638095
80	39	8.45514	8.43144	0.0237068
80	40	8.37411	8.32307	0.0510342
81	31	8.48774	8.4431	0.0446391
81	32	8.5808	8.55156	0.0292441
81	33	8.64806	8.63087	0.0171833
81	34	8.686	8.68105	0.00495258
81	35	8.69592	8.7021	-0.00617798
81	36	8.68279	8.694	-0.0112104
81	37	8.64549	8.65677	-0.0112847
81	38	8.58735	8.59041	-0.00306182
81	39	8.50966	8.49491	0.0147522
82	32	8.5663	8.52726	0.0390415
82	33	8.61408	8.58599	0.0280934
82	34	8.6932	8.67629	0.0169031
82	35	8.68247	8.6781	0.00437034
82	36	8.71065	8.71148	-0.000837686
82	37	8.64743	8.65637	-0.00893518
82	38	8.6357	8.63283	0.00286609
83	33	8.6022	8.56789	0.0343119
83	34	8.65856	8.63778	0.0207725
83	35	8.69333	8.67987	0.0134541
83	36	8.69562	8.69415	0.00146854
83	37	8.67527	8.68062	-0.00535406
83	38	8.63838	8.63928	-0.000903739
83	39	8.57511	8.57014	0.00497551
83	40	8.49499	8.47318	0.0218067
84	34	8.65884	8.62534	0.0335013
84	35	8.67152	8.6482	0.0233251
84	36	8.71735	8.70188	0.0154655
84	37	8.67612	8.67038	0.00573805
84	38	8.67744	8.6697	0.0077402
85	34	8.61048	8.58071	0.0297694
85	35	8.674	8.64187	0.0321262
85	36	8.69856	8.67647	0.0220914
85	37	8.69744	8.68449	0.012947
85	38	8.67571	8.66594	0.00976513
85	39	8.62815	8.62082	0.00732466
85	40	8.56373	8.54913	0.0146026
86	34	8.58226	8.56166	0.0206003
86	35	8.63245	8.60365	0.0288016
86	36	8.71203	8.67574	0.0362871
86	37	8.6969	8.66576	0.0311397
86	38	8.70846	8.68588	0.0225795
86	39	8.63843	8.62393	0.0145023
86	40	8.61214	8.59208	0.0200564
86	41	8.51027	8.47816	0.0321126
87	34	8.53088	8.51185	0.0190332
87	35	8.60551	8.59033	0.0151776
87	36	8.67528	8.6434	0.0318845
87	37	8.71098	8.67104	0.0399389
87	38	8.70524	8.67327	0.0319669
87	39	8.67485	8.65008	0.0247664
87	40	8.62367	8.60147	0.0221925
87	41	8.55531	8.52744	0.02786
88	34	8.49493	8.48713	0.0078084
88	35	8.56393	8.54653	0.0174022
88	36	8.65686	8.63533	0.021531
88	37	8.68112	8.64499	0.0361253
88	38	8.7326	8.68405	0.0485476
88	39	8.68254	8.64397	0.0385703
88	40	8.66597	8.63329	0.0326801
88	41	8.57128	8.54347	0.0278134
89	35	8.53412	8.52718	0.00694458
89	36	8.61696	8.59705	0.0199119
89	37	8.66419	8.64258	0.0216112
89	38	8.70592	8.66377	0.0421534
89	39	8.7139	8.66062	0.0532816
89	40	8.67328	8.63313	0.0401497
89	41	8.61709	8.58131	0.0357878
90	35	8.48507	8.47864	0.00643282
90	36	8.59138	8.58261	0.00876378
90	37	8.63148	8.61022	0.0212674
90	38	8.6959	8.66654	0.0293611
90	39	8.69327	8.64649	0.0467845
90	40	8.70991	8.65516	0.0547529
90	41	8.63332	8.58745	0.045866
90	42	8.59697	8.54847	0.0485011
91	35	8.44633	8.45408	-0.00774645
91	36	8.54545	8.53925	0.00619208
91	37	8.60756	8.6011	0.00646084
91	38	8.6638	8.63962	0.0241808
91	39	8.68487	8.65481	0.030063
91	40	8.69326	8.64667	0.0465905
91	41	8.67084	8.61519	0.0556422
91	42	8.61358	8.56039	0.0531861
92	35	8.38869	8.40153	-0.0128435
92	36	8.51285	8.51931	-0.00646025
92	37	8.56942	8.56331	0.00610535
92	38	8.64891	8.63539	0.0135223
92	39	8.66155	8.6337	0.0278587
92	40	8.69262	8.66007	0.0325494
92	41	8.66232	8.61268	0.0496364
92	42	8.65769	8.59336	0.0643318
93	36	8.45683	8.47162	-0.0147837
93	37	8.5409	8.54836	-0.00746902
93	38	8.61277	8.60273	0.0100462
93	39	8.64886	8.63471	0.014156
93	40	8.67157	8.6443	0.0272644
93	41	8.66413	8.63151	0.0326214
93	42	8.65137	8.59634	0.0550279
93	43	8.60854	8.53879	0.0697521
94	37	8.49266	8.50591	-0.0132485
94	38	8.59378	8.59237	0.00140495
94	39	8.62277	8.60753	0.0152477
94	40	8.66677	8.65012	0.0166516
94	41	8.64885	8.62141	0.0274399
94	42	8.66229	8.62014	0.0421433
94	43	8.60869	8.54757	0.0611211
95	37	8.45981	8.48589	-0.0260733
95	38	8.54908	8.55475	-0.00566912
95	39	8.60495	8.60212	0.00283291
95	40	8.64357	8.628	0.0155728
95	41	8.64717	8.63238	0.0147894
95	42	8.64867	8.61526	0.0334119
95	43	8.62264	8.57665	0.0459901
95	44	8.58739	8.51655	0.0708372
96	37	8.40754	8.43944	-0.0318982
96	38	8.52142	8.53905	-0.0176282
96	39	8.5696	8.56967	-7.44675e-05
96	40	8.63537	8.62714	0.00822991
96	41	8.62889	8.61562	0.0132709
96	42	8.65394	8.63095	0.0229946
96	43	8.61482	8.57729	0.03753
96	44	8.60933	8.55047	0.058854
96	45	8.53459	8.45468	0.0799106
97	37	8.37451	8.415	-0.0404955
97	38	8.47399	8.49715	-0.0231643
97	39	8.54293	8.55864	-0.0157127
97	40	8.60382	8.59947	0.00435107
97	41	8.62317	8.61964	0.00352813
97	42	8.63505	8.61915	0.0158985
97	43	8.62368	8.598	0.025679
97	44	8.60419	8.55619	0.0479999
97	45	8.55981	8.49373	0.066082
97	46	8.50236	8.4106	0.0917614
98	37	8.32922	8.36515	-0.0359299
98	38	8.44802	8.47678	-0.0287601
98	39	8.49944	8.52163	-0.0221878
98	40	8.58145	8.59273	-0.0112799
98	41	8.59634	8.59706	-0.000719325
98	42	8.63513	8.62764	0.00748185
98	43	8.60996	8.59145	0.0185056
98	44	8.62031	8.58152	0.038793
98	45	8.5608	8.50481	0.055993
98	46	8.53369	8.45435	0.0793367
98	47	8.44163	8.33712	0.104509
99	37	8.29285	8.33688	-0.0440303
99	38	8.39916	8.43121	-0.0320444
99	39	8.47222	8.50565	-0.0334348
99	40	8.54076	8.56023	-0.0194734
99	41	8.5789	8.59494	-0.0160353
99	42	8.60775	8.60977	-0.00201241
99	43	8.61356	8.60472	0.00883717
99	44	8.60863	8.57981	0.0288165
99	45	8.58009	8.53502	0.0450695
99	46	8.53798	8.47036	0.0676183
100	38	8.37622	8.40676	-0.0305375
100	39	8.43914	8.46469	-0.025546
100	40	8.52442	8.54832	-0.0238933
100	41	8.54995	8.56726	-0.0173094
100	42	8.60458	8.61189	-0.00731345
100	43	8.59507	8.59184	0.0032327
100	44	8.61927	8.59748	0.021799
100	45	8.5751	8.53843	0.0366724
100	46	8.5637	8.50508	0.058625
100	47	8.4851	8.40704	0.0780607
100	48	8.43829	8.33469	0.103601
100	49	8.32967	8.19766	0.132009
100	50	8.24794	8.08632	0.161627
101	37	8.21637	8.25255	-0.0361788
101	38	8.32555	8.35804	-0.0324815
101	39	8.41192	8.44439	-0.0324738
101	40	8.48878	8.51162	-0.0228397
101	41	8.53534	8.55971	-0.0243712
101	42	8.57283	8.58867	-0.0158402
101	43	8.59305	8.5985	-0.0054498
101	44	8.60128	8.5892	0.012085
101	45	8.58817	8.56076	0.0274093
101	46	8.56082	8.5132	0.0476239
101	47	8.51145	8.4465	0.064952
102	38	8.30022	8.33004	-0.0298153
102	39	8.37897	8.40002	-0.0210444
102	40	8.46787	8.49514	-0.0272724
102	41	8.50535	8.52757	-0.0222232
102	42	8.56837	8.58514	-0.0167799
102	43	8.57058	8.58002	-0.00944039
102	44	8.60734	8.60004	0.00730517
102	45	8.5769	8.55736	0.01954
102	46	8.58051	8.53983	0.0406788
102	47	8.51734	8.45959	0.0577489
102	48	8.48431	8.40451	0.0798031
102	49	8.38871	8.28672	0.101992
102	50	8.32438	8.19408	0.130296
103	40	8.4313	8.4548	-0.0234985
103	41	8.49113	8.51523	-0.0241012
103	42	8.53722	8.55723	-0.02001
103	43	8.56604	8.58081	-0.0147688
103	44	8.58428	8.58594	-0.00166176
103	45	8.5841	8.57265	0.0114482
103	46	8.57123	8.54093	0.0303041
103	47	8.53754	8.49077	0.0467709
103	48	8.48973	8.42218	0.0675516
104	41	8.45735	8.4792	-0.0218545
104	42	8.52776	8.54871	-0.0209475
104	43	8.54098	8.5574	-0.0164141
104	44	8.58733	8.59071	-0.00337346
104	45	8.56886	8.5632	0.0056556
104	46	8.5848	8.56032	0.024481
104	47	8.53613	8.49662	0.0395147
104	48	8.51768	8.45754	0.0601408
104	49	8.43451	8.35765	0.0768552
105	41	8.44062	8.46264	-0.0220184
105	42	8.49493	8.51668	-0.021756
105	43	8.53462	8.55296	-0.0183424
105	44	8.56184	8.57147	-0.00963274
105	45	8.57265	8.5722	0.000447992
105	46	8.5706	8.55517	0.0154348
105	47	8.55034	8.52036	0.0299827
105	48	8.51682	8.46778	0.0490347
105	49	8.46318	8.39743	0.0657517
105	50	8.39651	8.30931	0.0871958
106	42	8.48072	8.50372	-0.0230066
106	43	8.50654	8.52521	-0.0186662
106	44	8.56093	8.57081	-0.0098811
106	45	8.55392	8.55739	-0.00346817
106	46	8.57995	8.56808	0.0118665
106	47	8.54459	8.51975	0.0248429
106	48	8.53905	8.49553	0.0435221
106	49	8.47011	8.41229	0.0578142
106	52	8.23672	8.14098	0.0957358
107	42	8.44594	8.4681	-0.022162
107	43	8.4962	8.51613	-0.0199392
107	44	8.53393	8.54702	-0.0130934
107	45	8.5541	8.56077	-0.00666743
107	46	8.56085	8.55736	0.00348361
107	47	8.55385	8.53681	0.0170398
107	48	8.5333	8.49912	0.034181
107	49	8.49398	8.44428	0.0496994
108	43	8.46309	8.48456	-0.0214696
108	44	8.52733	8.54154	-0.0142034
108	45	8.53256	8.54119	-0.00863673
108	46	8.56702	8.56447	0.00255395
108	47	8.54198	8.53043	0.0115461
108	48	8.55002	8.52002	0.0299983
108	49	8.49521	8.45229	0.0429209
109	43	8.4465	8.47136	-0.0248661
109	44	8.49726	8.51373	-0.0164746
109	45	8.52824	8.53954	-0.0113007
109	46	8.54488	8.5488	-0.00392047
109	47	8.54794	8.54151	0.00643622
109	48	8.5388	8.51766	0.0211433
109	49	8.51309	8.47725	0.0358418
109	50	8.4706	8.42029	0.0503057
109	51	8.40489	8.34678	0.0581091
109	52	8.31838	8.25671	0.0616678
109	53	8.21947	8.15009	0.069383
110	43	8.41059	8.43644	-0.0258503
110	44	8.48549	8.50394	-0.0184539
110	45	8.50377	8.51575	-0.0119761
110	46	8.54733	8.55071	-0.0033811
110	47	8.53214	8.52998	0.00215839
110	48	8.55132	8.5324	0.018922
110	49	8.50895	8.47913	0.0298261
110	54	8.15912	8.08698	0.0721385
111	43	8.39182	8.41958	-0.0277571
111	44	8.45188	8.47259	-0.0207112
111	45	8.49611	8.50961	-0.0135056
111	46	8.52191	8.53064	-0.0087244
111	47	8.53483	8.53567	-0.00083751
111	48	8.53713	8.52471	0.012416
111	49	8.52232	8.49776	0.0245582
111	50	8.49319	8.45481	0.0383771
111	51	8.44058	8.39587	0.0447156
112	43	8.36023	8.38171	-0.0214766
112	44	8.43793	8.45896	-0.0210357
112	45	8.46896	8.48208	-0.0131209
112	46	8.52086	8.52788	-0.00702653
112	47	8.51644	8.51955	-0.00310628
112	48	8.54478	8.53391	0.0108735
112	49	8.51472	8.49412	0.0205952
112	50	8.51367	8.47703	0.0366414
112	51	8.44365	8.4058	0.0378455
113	44	8.40565	8.42449	-0.018845
113	45	8.45607	8.47193	-0.0158569
113	46	8.49348	8.5039	-0.0104211
113	47	8.51612	8.52041	-0.00429052
113	48	8.52704	8.52146	0.00558474
113	49	8.52295	8.50704	0.0159097
113	50	8.50685	8.47717	0.0296884
113	51	8.4653	8.43183	0.0334718
113	52	8.40464	8.37103	0.0336068
113	53	8.33383	8.29477	0.0390616
113	54	8.24694	8.20305	0.0438962
113	55	8.14809	8.09586	0.0522264
114	45	8.42593	8.44109	-0.0151548
114	46	8.48806	8.49697	-0.00890732
114	47	8.49394	8.50019	-0.0062541
114	48	8.53157	8.52566	0.00590619
114	49	8.51199	8.49847	0.0135242
114	50	8.52258	8.49353	0.0290494
114	51	8.46268	8.43593	0.0267572
114	56	8.09004	8.03219	0.0578499
115	44	8.34962	8.37024	-0.0206144
115	45	8.41047	8.42735	-0.0168776
115	46	8.45754	8.46951	-0.0119702
115	47	8.49059	8.4967	-0.00611113
115	48	8.51078	8.50895	0.0018305
115	49	8.51655	8.50623	0.0103167
115	50	8.51409	8.48856	0.0255266
115	51	8.48091	8.45593	0.024981
115	52	8.43115	8.40835	0.0228
115	53	8.37456	8.34581	0.0287547
116	45	8.37761	8.39359	-0.0159754
116	46	8.45039	8.45883	-0.00844062
116	47	8.46612	8.47284	-0.00671406
116	48	8.51241	8.50866	0.00375485
116	49	8.50162	8.49323	0.0083885
116	50	8.52313	8.49962	0.0235115
116	51	8.47581	8.45477	0.0210423
116	52	8.45569	8.43174	0.0239514
116	53	8.3819	8.35746	0.0244452
117	46	8.41783	8.42829	-0.0104544
117	47	8.46016	8.46545	-0.00528576
117	48	8.48903	8.48813	0.000898409
117	49	8.50388	8.49634	0.00754012
117	50	8.50963	8.49007	0.0195564
117	51	8.48794	8.46933	0.0186132
117	52	8.45093	8.43411	0.0168235
117	53	8.40439	8.38441	0.0199854
117	54	8.3443	8.32024	0.0240618
118	46	8.40587	8.41427	-0.00839209
118	47	8.43399	8.43833	-0.00433999
118	48	8.48789	8.48379	0.00409808
118	49	8.48569	8.47937	0.00631696
118	50	8.51656	8.49634	0.0202188
118	51	8.47894	8.46342	0.0155175
118	52	8.46995	8.45191	0.0180451
118	53	8.40612	8.3905	0.0156195
118	54	8.37498	8.35049	0.0244889
119	47	8.42247	8.42744	-0.00496912
119	48	8.46085	8.45987	0.00098368
119	49	8.48619	8.47828	0.00790537
119	50	8.49948	8.48267	0.0168039
119	51	8.48794	8.47304	0.0148924
119	52	8.46209	8.4494	0.0126978
119	53	8.42679	8.41173	0.015061
119	54	8.37844	8.36004	0.0184011
119	55	8.31733	8.29433	0.0230022
120	46	8.35599	8.36397	-0.00797584
120	47	8.39531	8.39743	-0.00212206
120	48	8.45816	8.45189	0.00627423
120	49	8.46632	8.45775	0.00856973
120	50	8.50455	8.48461	0.0199408
120	51	8.47569	8.46287	0.012822
120	52	8.47734	8.46213	0.0152107
120	53	8.42403	8.41279	0.0112387
120	54	8.40403	8.38445	0.0195841
120	55	8.32848	8.30751	0.0209708
121	47	8.38446	8.38339	0.00107094
121	48	8.43089	8.42493	0.00596525
121	49	8.46393	8.45287	0.0110557
121	50	8.48526	8.46724	0.0180213
121	51	8.48202	8.46801	0.01401
121	52	8.46693	8.45521	0.0117248
121	53	8.44175	8.42881	0.0129417
121	54	8.40376	8.38883	0.0149298
121	55	8.3529	8.33527	0.017628
122	48	8.42523	8.41366	0.0115696
122	49	8.44216	8.42915	0.0130037
122	50	8.48794	8.46525	0.0226954
122	51	8.46829	8.45399	0.0143005
122	52	8.47814	8.46333	0.0148032
122	53	8.43702	8.42532	0.0116984
122	54	8.42466	8.40792	0.0167482
122	55	8.35911	8.34315	0.0159584
123	48	8.39456	8.38399	0.0105646
123	49	8.43791	8.42086	0.0170534
123	50	8.46728	8.44455	0.0227251
123	51	8.47233	8.45508	0.0172526
123	52	8.46554	8.45243	0.013115
123	53	8.44919	8.43661	0.0125842
123	54	8.42093	8.40762	0.0133043
123	55	8.38038	8.36546	0.0149173
124	48	8.38711	8.36978	0.0173279
124	49	8.4144	8.39429	0.0201106
124	50	8.46744	8.43902	0.0284199
124	51	8.45616	8.43758	0.0185766
124	52	8.47327	8.45638	0.0168949
124	53	8.44148	8.429	0.0124837
124	54	8.43755	8.42185	0.0157031
124	55	8.38343	8.36853	0.0149019
124	56	8.35582	8.33544	0.0203803
125	48	8.35776	8.3377	0.0200649
125	49	8.40848	8.38291	0.0255745
125	50	8.44557	8.41534	0.0302269
125	51	8.45816	8.435	0.0231671
125	52	8.45804	8.44188	0.0161612
125	53	8.45029	8.43598	0.0143111
125	54	8.43088	8.41731	0.0135678
125	55	8.39978	8.38587	0.0139193
125	56	8.35817	8.34164	0.0165267
126	48	8.34731	8.32083	0.0264746
126	49	8.38464	8.35379	0.0308527
126	50	8.44356	8.4066	0.036962
126	51	8.44036	8.41438	0.0259704
126	52	8.46324	8.44203	0.0212109
126	53	8.43994	8.42464	0.0152936
126	54	8.44371	8.42712	0.0165924
126	55	8.39922	8.38456	0.0146594
126	56	8.37972	8.36187	0.0178505
126	57	8.31243	8.29414	0.0182868
127	48	8.31513	8.28661	0.0285235
127	49	8.37565	8.33963	0.0360229
127	50	8.42078	8.38024	0.0405351
127	51	8.43982	8.40846	0.0313591
127	52	8.44611	8.42429	0.0218269
127	53	8.44548	8.42771	0.0177726
127	54	8.43411	8.41873	0.0153731
127	55	8.41156	8.39736	0.0142044
127	56	8.37844	8.36358	0.0148546
127	57	8.33354	8.31741	0.0161286
128	48	8.30363	8.26736	0.0362744
128	49	8.35276	8.30823	0.0445262
128	50	8.41676	8.36861	0.0481567
128	51	8.42061	8.38505	0.035559
128	52	8.44874	8.42099	0.027748
128	53	8.43283	8.413	0.0198328
128	54	8.4433	8.42451	0.0187873
128	55	8.40649	8.39208	0.0144116
128	56	8.39624	8.37916	0.0170815
128	57	8.33724	8.3223	0.0149443
128	58	8.30692	8.28494	0.0219838
129	49	8.33956	8.29156	0.048001
129	50	8.39284	8.33985	0.0529858
129	51	8.41805	8.37611	0.0419394
129	52	8.4304	8.40032	0.0300757
129	53	8.43596	8.4125	0.0234648
129	54	8.4314	8.41263	0.0187687
129	55	8.41606	8.40073	0.0153273
129	56	8.39111	8.37679	0.0143217
129	57	8.35606	8.34081	0.0152569
129	58	8.31094	8.29279	0.0181518
130	48	8.25607	8.20984	0.0462241
130	49	8.31405	8.25814	0.0559096
130	50	8.38687	8.3256	0.0612697
130	51	8.39741	8.35017	0.0472438
130	52	8.43031	8.3939	0.0364164
130	53	8.42107	8.39473	0.026338
130	54	8.43774	8.41473	0.0230062
130	55	8.40879	8.39184	0.0169473
130	56	8.40555	8.38811	0.017436
130	57	8.3562	8.34149	0.0147047
130	58	8.33322	8.31403	0.0191829
130	59	8.26376	8.24368	0.0200741
131	49	8.29881	8.23922	0.059599
131	50	8.3629	8.2947	0.068196
131	51	8.3926	8.33849	0.0541117
131	52	8.41122	8.37059	0.0406351
131	53	8.42231	8.39099	0.031322
131	54	8.42375	8.39969	0.0240546
131	55	8.41506	8.39671	0.0183579
131	56	8.39859	8.38202	0.0165648
131	57	8.37037	8.35564	0.0147223
131	58	8.33345	8.31757	0.0158765
131	59	8.28597	8.26781	0.0181663
132	49	8.25377	8.20399	0.0497854
132	50	8.35493	8.27808	0.0768515
132	51	8.37263	8.31028	0.0623496
132	52	8.40844	8.36132	0.0471212
132	53	8.40644	8.37047	0.0359669
132	54	8.42763	8.39845	0.0291869
132	55	8.40561	8.38454	0.0210731
132	56	8.40937	8.38946	0.0199127
132	57	8.36788	8.3525	0.0153844
132	58	8.35236	8.33436	0.0180005
132	59	8.29143	8.27434	0.0170897
133	50	8.31068	8.24527	0.0654147
133	51	8.36487	8.29613	0.0687408
133	52	8.38908	8.33563	0.0534475
133	53	8.40532	8.36377	0.0415496
133	54	8.41265	8.38054	0.0321073
133	55	8.40998	8.38594	0.0240335
133	56	8.4002	8.37998	0.0202211
133	57	8.37884	8.36266	0.0161833
133	58	8.34987	8.33397	0.015901
133	59	8.31026	8.29391	0.0163493
133	60	8.26223	8.24249	0.019745
134	50	8.27787	8.22651	0.0513641
134	51	8.32703	8.2659	0.0611381
134	52	8.38384	8.32379	0.0600497
134	53	8.38929	8.34076	0.0485273
134	54	8.41369	8.37624	0.0374505
134	55	8.39865	8.3708	0.0278457
134	56	8.40817	8.38387	0.0243054
134	57	8.37449	8.35601	0.0184733
134	58	8.36579	8.34667	0.0191266
134	59	8.31278	8.2964	0.016373
134	60	8.28554	8.26464	0.020894
135	51	8.29212	8.2495	0.0426153
135	52	8.34647	8.29596	0.050506
135	53	8.38484	8.33138	0.0534623
135	54	8.39851	8.35574	0.042768
135	55	8.40134	8.36905	0.0322902
135	56	8.39753	8.37131	0.026225
135	57	8.38285	8.36252	0.0203312
135	58	8.36205	8.34268	0.019372
135	59	8.32893	8.31179	0.0171423
135	60	8.28815	8.26984	0.0183101
135	61	8.23616	8.21685	0.0193134
136	52	8.31943	8.28178	0.0376531
136	53	8.35099	8.30612	0.0448659
136	54	8.39616	8.34865	0.0475059
136	55	8.38977	8.3512	0.0385699
136	56	8.40276	8.37194	0.030819
136	57	8.37605	8.35269	0.023358
136	58	8.37347	8.35163	0.0218383
136	59	8.32991	8.31058	0.0193274
136	60	8.30851	8.28773	0.0207848
136	61	8.24393	8.22489	0.0190391
137	52	8.28211	8.25203	0.0300806
137	53	8.32707	8.29429	0.0327798
137	54	8.36426	8.3258	0.0384539
137	55	8.38896	8.34656	0.0423928
137	56	8.39183	8.35658	0.0352516
137	57	8.38159	8.35584	0.0257472
137	58	8.36696	8.34435	0.0226016
137	59	8.34153	8.32212	0.0194089
137	60	8.30956	8.28914	0.020425
137	61	8.26365	8.2454	0.0182469
138	53	8.29499	8.26701	0.0279772
138	54	8.34599	8.31618	0.0298049
138	55	8.36015	8.32626	0.0338832
138	56	8.39342	8.35423	0.0391935
138	57	8.37516	8.3431	0.0320604
138	58	8.37706	8.34986	0.0271972
138	59	8.33924	8.31753	0.0217045
138	60	8.3255	8.30309	0.0224138
138	61	8.26854	8.24955	0.0189907
138	62	8.23793	8.2139	0.0240286
139	53	8.26825	8.25296	0.0152869
139	54	8.31158	8.29121	0.0203782
139	55	8.34234	8.31899	0.0233463
139	56	8.36702	8.33632	0.0307001
139	57	8.37806	8.34318	0.0348807
139	58	8.37043	8.33959	0.03084
139	59	8.34948	8.32553	0.023948
139	60	8.32348	8.30102	0.0224618
139	61	8.28551	8.26605	0.0194673
139	62	8.24308	8.22061	0.0224645
140	54	8.29092	8.27927	0.0116457
140	55	8.31433	8.29647	0.0178636
140	56	8.35317	8.33124	0.0219295
140	57	8.35508	8.3278	0.0272838
140	58	8.37637	8.34194	0.0344311
140	59	8.34658	8.31785	0.0287278
140	60	8.33782	8.31135	0.0264734
140	61	8.28906	8.26663	0.0224294
140	62	8.26382	8.23949	0.0243345
140	63	8.19773	8.17412	0.0236098
140	64	8.15498	8.12634	0.0286332
141	54	8.25628	8.25238	0.00390087
141	55	8.29435	8.28679	0.00755965
141	56	8.32603	8.31102	0.0150099
141	57	8.34326	8.32506	0.0182017
141	58	8.35546	8.32892	0.026535
141	59	8.35403	8.3226	0.0314259
141	60	8.33555	8.3061	0.0294522
141	61	8.30394	8.27941	0.024526
141	62	8.26588	8.24255	0.0233334
141	63	8.21769	8.19549	0.0221963
141	64	8.16461	8.13826	0.0263466
142	54	8.2349	8.23834	-0.00344665
142	55	8.26488	8.26225	0.00262859
142	56	8.31084	8.30345	0.00738163
142	57	8.3209	8.30727	0.0136352
142	58	8.34711	8.32837	0.0187355
142	59	8.33635	8.31209	0.0242583
142	60	8.34607	8.3131	0.032968
142	61	8.30677	8.27672	0.0300481
142	62	8.28602	8.25763	0.0283861
142	63	8.22647	8.20115	0.0253175
143	55	8.24364	8.25038	-0.00674025
143	56	8.28198	8.28112	0.000853295
143	57	8.30623	8.30195	0.00428535
143	58	8.32471	8.31286	0.0118559
143	59	8.32946	8.31385	0.015612
143	60	8.33052	8.30493	0.0255956
143	61	8.31777	8.28609	0.0316807
143	62	8.28822	8.25733	0.0308924
143	63	8.24582	8.21866	0.0271655
143	64	8.19833	8.17007	0.0282572
144	55	8.21188	8.22402	-0.01214
144	56	8.26547	8.27128	-0.00581463
144	57	8.28172	8.28196	-0.000232772
144	58	8.3148	8.30965	0.00514969
144	59	8.31157	8.30075	0.0108286
144	60	8.32696	8.30886	0.0181002
144	61	8.30533	8.28038	0.0249462
144	62	8.30372	8.26892	0.0348008
144	63	8.25419	8.22087	0.0333179
144	64	8.22194	8.18984	0.0321016
144	65	8.15129	8.12221	0.0290757
145	55	8.18875	8.21015	-0.0213941
145	56	8.2341	8.24704	-0.0129413
145	57	8.26713	8.27428	-0.00714531
145	58	8.29008	8.29185	-0.00176918
145	59	8.30217	8.29976	0.00240509
145	60	8.30922	8.29801	0.0112085
145	61	8.3027	8.2866	0.0160961
145	62	8.29306	8.26553	0.0275228
145	63	8.26932	8.2348	0.0345186
145	64	8.22895	8.19441	0.0345436
145	65	8.17496	8.14436	0.0306057
146	55	8.15756	8.18213	-0.0245777
146	56	8.21645	8.23512	-0.0186712
146	57	8.23932	8.25229	-0.0129609
146	58	8.27885	8.28619	-0.00734581
146	59	8.2806	8.28429	-0.00368795
146	60	8.30413	8.29912	0.00500663
146	61	8.28869	8.27814	0.010551
146	62	8.29389	8.2739	0.0199961
146	63	8.26196	8.23384	0.0281191
146	64	8.24956	8.21053	0.0390287
146	65	8.18719	8.1514	0.0357862
147	57	8.22271	8.24244	-0.0197295
147	58	8.25263	8.26632	-0.0136887
147	59	8.27061	8.28078	-0.0101671
147	60	8.28364	8.28583	-0.00218764
147	61	8.28441	8.28146	0.00295464
147	62	8.28061	8.26767	0.0129428
147	63	8.26358	8.24447	0.0191097
147	64	8.24338	8.21185	0.0315245
147	65	8.20669	8.16982	0.0368671
147	66	8.15671	8.11837	0.0383396
148	55	8.10019	8.13694	-0.0367414
148	56	8.16728	8.19532	-0.0280388
148	57	8.19655	8.21863	-0.02208
148	58	8.24033	8.25842	-0.0180818
148	59	8.24951	8.26314	-0.0136305
148	60	8.27721	8.28433	-0.0071177
148	61	8.26827	8.27046	-0.0021908
148	62	8.27967	8.27306	0.00661554
148	63	8.25385	8.24059	0.013257
148	64	8.24838	8.2246	0.0237849
148	65	8.20434	8.17354	0.0308059
148	66	8.18094	8.13895	0.0419934
149	58	8.2144	8.23664	-0.0222471
149	59	8.23842	8.25731	-0.01889
149	60	8.25548	8.26879	-0.0133129
149	61	8.26157	8.2711	-0.00952266
149	62	8.26351	8.26422	-0.000711411
149	63	8.25359	8.24816	0.00542689
149	64	8.23953	8.22293	0.0166002
149	65	8.20986	8.18851	0.0213537
149	66	8.17924	8.14491	0.0343241
149	67	8.13354	8.09214	0.0414026
150	58	8.20097	8.22669	-0.0257186
150	59	8.21895	8.23769	-0.0187369
150	60	8.24964	8.2649	-0.0152592
150	61	8.24385	8.25777	-0.0139214
150	62	8.26166	8.26686	-0.00519252
150	63	8.24138	8.2416	-0.000215506
150	64	8.24264	8.23255	0.0100945
150	65	8.20637	8.18916	0.0172157
150	66	8.1892	8.16198	0.0272229
150	67	8.13485	8.10045	0.0344022
151	58	8.1781	8.20319	-0.0250837
151	59	8.20782	8.22972	-0.0219015
151	60	8.23034	8.24731	-0.0169711
151	61	8.24133	8.25594	-0.0146093
151	62	8.24401	8.25562	-0.0116062
151	63	8.23934	8.24634	-0.00700377
151	64	8.23108	8.22811	0.00296995
151	65	8.20891	8.20093	0.00798098
151	66	8.18472	8.1648	0.0199223
151	67	8.14559	8.11971	0.02588
151	68	8.10487	8.06567	0.0392029
151	69	8.05012	8.00267	0.0474532
152	59	8.18743	8.2083	-0.0208662
152	60	8.22406	8.24121	-0.0171528
152	61	8.22618	8.24049	-0.0143056
152	62	8.2441	8.25571	-0.0116128
152	63	8.22662	8.2373	-0.0106753
152	64	8.23345	8.23484	-0.00139306
152	65	8.20205	8.19874	0.00331179
152	66	8.19296	8.1786	0.0143624
152	67	8.14494	8.12481	0.0201336
152	68	8.11935	8.08698	0.0323686
152	69	8.05677	8.0155	0.0412652
153	59	8.17243	8.19837	-0.0259438
153	60	8.2047	8.22174	-0.01704
153	61	8.22139	8.23637	-0.0149829
153	62	8.22857	8.24227	-0.0136988
153	63	8.22874	8.23944	-0.0106954
153	64	8.22047	8.22786	-0.00739798
153	65	8.20509	8.20756	-0.00246237
153	66	8.18579	8.17851	0.00728039
153	67	8.15368	8.14073	0.0129493
153	68	8.11895	8.09422	0.0247324
154	59	8.14952	8.1753	-0.0257818
154	60	8.19308	8.21362	-0.0205432
154	61	8.20622	8.21897	-0.0127442
154	62	8.22688	8.24002	-0.0131483
154	63	8.21714	8.22811	-0.010974
154	64	8.22484	8.23191	-0.00707084
154	65	8.1967	8.20274	-0.00604124
154	66	8.19316	8.18929	0.00387023
154	67	8.15071	8.14286	0.00785412
154	68	8.13244	8.11214	0.0202949
154	69	8.07422	8.04846	0.0257651
155	61	8.19551	8.21275	-0.0172436
155	62	8.21126	8.22456	-0.0132932
155	63	8.21672	8.22783	-0.0111197
155	64	8.2133	8.22259	-0.00929002
155	65	8.20294	8.20881	-0.00587225
155	66	8.18438	8.18652	-0.00213436
155	67	8.1592	8.15569	0.00351066
155	68	8.12948	8.11635	0.0131388
155	69	8.08844	8.06847	0.0199641
155	70	8.04383	8.01207	0.0317545
156	60	8.15843	8.18244	-0.0240064
156	61	8.17707	8.19355	-0.0164852
156	62	8.20507	8.22014	-0.0150774
156	63	8.20468	8.21442	-0.00973308
156	64	8.21537	8.22416	-0.00879115
156	65	8.19468	8.20158	-0.00690276
156	66	8.19244	8.19448	-0.00204374
156	67	8.15425	8.15506	-0.000813252
156	68	8.14191	8.13111	0.0108009
156	69	8.08964	8.07485	0.0147894
156	70	8.0617	8.03405	0.0276496
156	71	7.9957	7.96094	0.0347563
157	61	8.16463	8.18541	-0.0207757
157	62	8.18742	8.20282	-0.0153978
157	63	8.19985	8.2119	-0.012054
157	64	8.20355	8.21267	-0.00911838
157	65	8.19818	8.20511	-0.00692592
157	66	8.18465	8.18923	-0.00458062
157	67	8.16311	8.16502	-0.00191346
157	68	8.13641	8.1325	0.00391654
157	69	8.10143	8.09165	0.0097804
157	70	8.06289	8.04247	0.0204191
157	73	7.89627	7.84502	0.0512483
158	61	8.14328	8.16456	-0.0212885
158	62	8.17706	8.1964	-0.0193448
158	63	8.18476	8.19656	-0.0117962
158	64	8.20186	8.21195	-0.0100804
158	65	8.18919	8.19565	-0.00645288
158	66	8.19016	8.19459	-0.00442911
158	67	8.15849	8.16184	-0.00334959
158	68	8.14793	8.14433	0.00359116
158	69	8.1012	8.09514	0.00605967
158	70	8.07923	8.06118	0.0180494
158	71	8.01858	7.99554	0.0230429
159	62	8.15753	8.17737	-0.0198407
159	63	8.17676	8.19198	-0.0152196
159	64	8.18766	8.19846	-0.0108016
159	65	8.18884	8.19681	-0.00797171
159	66	8.18162	8.18704	-0.00541586
159	67	8.16515	8.16914	-0.00399109
159	68	8.14281	8.14311	-0.000292383
159	69	8.11275	8.10895	0.00380725
159	70	8.0781	8.06666	0.0114408
159	71	8.03464	8.01625	0.0183943
159	72	7.98657	7.9577	0.0288627
160	64	8.18306	8.19561	-0.0125556
160	65	8.17751	8.18529	-0.00778406
160	66	8.18409	8.18998	-0.0058936
160	67	8.15864	8.16359	-0.00495781
160	68	8.15169	8.15222	-0.00053112
160	69	8.11082	8.10976	0.00105791
160	70	8.0926	8.08232	0.0102818
160	71	8.03834	8.0238	0.0145391
160	72	8.00637	7.98029	0.0260793
160	73	7.93859	7.9057	0.0328898
161	64	8.16723	8.18029	-0.013058
161	65	8.17452	8.18427	-0.00974947
161	66	8.17334	8.18031	-0.00696394
161	67	8.16315	8.16841	-0.00525338
161	68	8.14591	8.14856	-0.00265482
161	69	8.12049	8.12078	-0.00029324
161	70	8.09045	8.08506	0.00538535
161	71	8.05278	8.0414	0.011381
161	75	7.83653	7.78735	0.0491785
162	64	8.15908	8.17548	-0.0163985
162	65	8.16285	8.17085	-0.00799242
162	66	8.17349	8.181	-0.00751447
162	67	8.15545	8.16068	-0.00522522
162	68	8.15245	8.15514	-0.00269211
162	69	8.11762	8.11911	-0.00149071
162	70	8.1026	8.09788	0.00471756
162	71	8.05459	8.04616	0.00843211
162	72	8.02715	8.00923	0.0179195
162	73	7.96435	7.94181	0.0225412
163	65	8.15567	8.1678	-0.0121299
163	66	8.16182	8.16937	-0.00755235
163	67	8.157	8.16319	-0.00618407
163	68	8.14478	8.14924	-0.00446304
163	69	8.12502	8.12754	-0.00252423
163	70	8.09917	8.09808	0.00108933
163	71	8.06668	8.06086	0.00582267
163	72	8.02811	8.01588	0.0122268
163	73	7.98193	7.96315	0.0187826
163	74	7.93031	7.90265	0.0276573
164	65	8.1398	8.15262	-0.0128209
164	66	8.15875	8.16798	-0.00923672
164	67	8.14796	8.15343	-0.00547077
164	68	8.14906	8.15346	-0.00439652
164	69	8.11953	8.12357	-0.00403949
164	70	8.10948	8.10825	0.00122785
164	71	8.0658	8.06302	0.00278396
164	72	8.04383	8.03236	0.0114724
164	73	7.987	7.97179	0.0152086
165	66	8.14394	8.15454	-0.0105944
165	67	8.147	8.1538	-0.00680263
165	68	8.13998	8.14548	-0.00550501
165	69	8.12558	8.12958	-0.00399351
165	70	8.10479	8.10609	-0.00130015
165	71	8.07675	8.07502	0.00172608
165	72	8.04287	8.03636	0.00650818
165	73	8.0031	7.99012	0.0129731
165	74	7.95597	7.9363	0.019672
166	65	8.11293	8.13089	-0.0179641
166	66	8.13731	8.15121	-0.0139012
166	67	8.13553	8.14218	-0.00664421
166	68	8.14199	8.1475	-0.00550785
166	69	8.11898	8.12346	-0.00448448
166	70	8.11243	8.11379	-0.0013637
166	71	8.07418	8.07476	-0.00058291
166	72	8.05644	8.05009	0.00635129
166	73	8.00497	7.99606	0.00891449
167	66	8.12103	8.13609	-0.0150661
167	67	8.13041	8.14055	-0.0101373
167	68	8.13178	8.1376	-0.00581648
167	69	8.12261	8.12722	-0.00461064
167	70	8.10623	8.10944	-0.00321079
167	71	8.08302	8.08423	-0.0012139
167	72	8.05418	8.05162	0.00256601
167	73	8.01886	8.01159	0.00727496
167	76	7.87398	7.847	0.0269789
168	66	8.11256	8.13098	-0.0184132
168	67	8.11685	8.1272	-0.0103459
168	68	8.12963	8.13757	-0.00793733
168	69	8.11498	8.11913	-0.0041435
168	70	8.11186	8.11484	-0.00298031
168	71	8.08035	8.08172	-0.0013739
168	72	8.06555	8.06277	0.00278487
168	73	8.01943	8.01499	0.00443685
168	74	7.99392	7.98137	0.0125462
168	75	7.93512	7.91893	0.0161928
168	78	7.77378	7.73058	0.0432043
169	66	8.0948	8.11431	-0.0195128
169	67	8.1091	8.12372	-0.0146188
169	68	8.11705	8.12588	-0.00882886
169	69	8.1145	8.12079	-0.00628694
169	70	8.10449	8.10844	-0.00395406
169	71	8.08629	8.08885	-0.00255422
169	72	8.06178	8.062	-0.000219417
169	73	8.03096	8.0279	0.00306035
169	74	7.99454	7.98654	0.00799307
169	75	7.95126	7.93794	0.0133178
169	76	7.90128	7.88208	0.0191934
170	67	8.09383	8.10876	-0.0149328
170	68	8.11199	8.12396	-0.0119618
170	69	8.10554	8.11085	-0.00530305
170	70	8.10664	8.11169	-0.00505598
170	71	8.08169	8.08424	-0.00255125
170	72	8.07087	8.07074	0.000130842
170	73	8.0303	8.02895	0.0013496
170	74	8.00896	8.0011	0.00785871
170	75	7.95509	7.94496	0.0101315
171	67	8.08364	8.10357	-0.0199283
171	68	8.09778	8.11061	-0.01283
171	69	8.10192	8.11056	-0.00863427
171	70	8.09791	8.10341	-0.00549615
171	71	8.08469	8.08917	-0.00447563
171	72	8.06607	8.06783	-0.00176169
171	73	8.03979	8.0394	0.000392644
171	74	8.00812	8.00387	0.00424239
171	75	7.96941	7.96125	0.00815954
171	76	7.92415	7.91154	0.0126141
171	77	7.87359	7.85473	0.0188661
171	78	7.81662	7.79083	0.0257984
172	68	8.09044	8.10692	-0.0164732
172	69	8.09107	8.09891	-0.00783598
172	70	8.09746	8.10466	-0.00720227
172	71	8.07826	8.08262	-0.00435285
172	72	8.07175	8.07433	-0.0025799
172	73	8.03771	8.03825	-0.000547245
172	74	8.02018	8.01593	0.00424294
172	75	7.97159	7.96582	0.00577383
172	80	7.71376	7.67231	0.0414443
173	69	8.08448	8.0968	-0.0123197
173	70	8.08746	8.09461	-0.0071586
173	71	8.07906	8.08549	-0.00643041
173	72	8.06602	8.06942	-0.00340411
173	73	8.04406	8.04641	-0.0023457
173	74	8.01833	8.01646	0.00187584
173	75	7.98391	7.97956	0.00434348
173	76	7.94403	7.93573	0.00830724
173	77	7.89809	7.88495	0.0131401
173	78	7.84541	7.82723	0.0181871
174	69	8.07067	8.08357	-0.0128941
174	70	8.08388	8.094	-0.0101219
174	71	8.07148	8.07713	-0.005645
174	72	8.06855	8.07382	-0.00527805
174	73	8.04045	8.04322	-0.00276442
174	74	8.02726	8.02618	0.00107926
174	75	7.98509	7.98183	0.00325963
174	76	7.95947	7.95106	0.00840705
174	77	7.90251	7.89298	0.00953216
174	80	7.74982	7.71841	0.0314121
175	69	8.0618	8.07976	-0.0179659
175	70	8.07095	8.08232	-0.0113659
175	71	8.06917	8.07808	-0.00891505
175	72	8.06077	8.06705	-0.00627936
175	73	8.04444	8.04923	-0.00478281
175	74	8.02411	8.02461	-0.000495418
175	75	7.99482	7.99319	0.00162383
175	76	7.96073	7.95498	0.00574293
175	77	7.9181	7.90998	0.00812788
175	78	7.86942	7.85818	0.0112377
175	79	7.81782	7.79958	0.0182353
175	80	7.75932	7.73419	0.0251318
176	69	8.04514	8.06506	-0.0199226
176	70	8.0641	8.07996	-0.0158623
176	71	8.05905	8.06804	-0.00898991
176	72	8.06137	8.0695	-0.00812949
176	73	8.03867	8.04413	-0.00545608
176	74	8.03011	8.03214	-0.00202458
176	75	7.99397	7.99332	0.000648906
176	76	7.97268	7.96789	0.00479248
176	77	7.92143	7.91562	0.00580903
177	70	8.04999	8.06677	-0.0167789
177	71	8.05348	8.06721	-0.0137297
177	72	8.05189	8.061	-0.00910904
177	73	8.04088	8.04813	-0.00725204
177	74	8.02504	8.02861	-0.00357764
177	75	8.00122	8.00244	-0.00122085
177	76	7.9724	7.96962	0.00277634
177	77	7.93463	7.93015	0.00448593
177	78	7.89249	7.88402	0.00846991
177	79	7.84389	7.83124	0.0126473
177	80	7.78992	7.77181	0.0181141
177	81	7.7321	7.70572	0.0263722
178	70	8.04286	8.06279	-0.0199298
178	71	8.04208	8.0556	-0.0135141
178	72	8.04949	8.0616	-0.0121117
178	73	8.03422	8.04125	-0.00703327
178	74	8.02931	8.03409	-0.00478305
178	75	7.99816	8.00057	-0.00241279
178	76	7.98192	7.98025	0.00167724
178	77	7.93655	7.93356	0.00299031
178	78	7.90825	7.90007	0.00818615
178	79	7.84952	7.84022	0.00930802
178	82	7.69087	7.66072	0.0301458
179	71	8.0351	8.0531	-0.0179944
179	72	8.0386	8.05149	-0.0128971
179	73	8.03364	8.04338	-0.00973935
179	74	8.02333	8.02874	-0.00541505
179	75	8.00378	8.0076	-0.00382021
179	76	7.97948	7.97993	-0.000451838
179	77	7.9475	7.94576	0.00174107
179	78	7.91065	7.90507	0.00558252
179	79	7.86543	7.85786	0.0075695
179	80	7.8162	7.80414	0.012055
180	71	8.02209	8.04003	-0.0179429
180	72	8.03498	8.05039	-0.0154093
180	73	8.0259	8.03484	-0.00893641
180	74	8.02549	8.0323	-0.00681328
180	75	8	8.00385	-0.00384888
180	76	7.98743	7.98842	-0.000992213
180	77	7.94763	7.94708	0.000552732
180	78	7.92361	7.91876	0.00485493
180	79	7.87016	7.86452	0.00563741
180	82	7.72569	7.70205	0.0236334
181	72	8.02205	8.03878	-0.0167272
181	73	8.02342	8.03521	-0.0117877
181	74	8.01806	8.02525	-0.00719221
181	75	8.00411	8.00892	-0.00480561
181	76	7.98344	7.9862	-0.00275694
181	77	7.95657	7.9571	-0.000529199
181	78	7.92409	7.92162	0.00246562
181	79	7.88384	7.87976	0.00407252
181	80	7.83968	7.83152	0.00815749
181	81	7.79193	7.7769	0.0150315
181	82	7.73426	7.7159	0.0183617
182	72	8.01489	8.03608	-0.0211899
182	73	8.01265	8.02512	-0.0124745
182	74	8.01832	8.02701	-0.00869541
182	75	7.99863	8.00343	-0.00479211
182	76	7.98973	7.99268	-0.00295515
182	77	7.95489	7.95646	-0.00157098
182	78	7.93476	7.93309	0.00166685
182	79	7.88723	7.88424	0.00298489
182	80	7.85697	7.84824	0.00873259
182	81	7.79649	7.78675	0.00973351
182	82	7.75634	7.73812	0.0182221
183	72	8.00005	8.02307	-0.0230246
183	73	8.00675	8.02385	-0.0170943
183	74	8.00833	8.01837	-0.0100433
183	75	8.00102	8.00665	-0.00563037
183	76	7.985	7.98867	-0.00366766
183	77	7.96179	7.96444	-0.00265012
183	78	7.93334	7.93396	-0.000622747
183	79	7.89854	7.89723	0.00131245
183	80	7.85936	7.85424	0.00512047
183	81	7.81567	7.805	0.0106703
183	82	7.76212	7.74952	0.012602
184	72	7.99073	8.01887	-0.0281388
184	73	7.99376	8.01232	-0.0185603
184	74	8.00509	8.01845	-0.0133628
184	75	7.99279	7.99952	-0.00673687
184	76	7.9887	7.99327	-0.00457785
184	77	7.9592	7.96197	-0.0027735
184	78	7.94256	7.94334	-0.000781029
184	79	7.90019	7.89966	0.000530771
184	80	7.87437	7.86866	0.00571069
184	81	7.81868	7.8126	0.00608094
185	73	7.98637	8.00951	-0.0231417
185	74	7.99292	8.00833	-0.0154132
185	75	7.99103	8.00102	-0.00999603
185	76	7.98132	7.98759	-0.00626429
185	77	7.96372	7.96803	-0.00430393
185	78	7.93975	7.94234	-0.00258796
185	79	7.90949	7.91052	-0.00103538
185	80	7.8745	7.87258	0.00191381
185	81	7.83556	7.82851	0.00704961
186	73	7.97184	7.99665	-0.0248066
186	74	7.98861	8.00683	-0.018223
186	75	7.98129	7.99238	-0.0110893
186	76	7.98283	7.99043	-0.00759877
186	77	7.95805	7.96384	-0.0057921
186	78	7.94681	7.94976	-0.00295467
186	79	7.90954	7.91105	-0.00150708
186	80	7.88826	7.88484	0.00342327
186	81	7.83917	7.83399	0.00517679
186	82	7.80534	7.79565	0.00969307
186	83	7.73925	7.73267	0.00657351
187	74	7.97512	7.99533	-0.0202087
187	75	7.97795	7.99226	-0.0143084
187	76	7.97378	7.98318	-0.0094009
187	77	7.96156	7.96809	-0.0065351
187	78	7.94132	7.947	-0.00568704
187	79	7.9173	7.91991	-0.00260472
187	80	7.88699	7.88681	0.000175865
187	81	7.85246	7.84771	0.00475271
187	82	7.80836	7.8026	0.00576781
187	83	7.75816	7.75148	0.00667517
188	74	7.96905	7.99235	-0.0233042
188	75	7.96674	7.98219	-0.0154423
188	76	7.97386	7.98436	-0.0105027
188	77	7.95476	7.9623	-0.00754285
188	78	7.94791	7.95259	-0.00467729
188	79	7.91438	7.91864	-0.00426046
188	80	7.89905	7.89703	0.00201906
188	81	7.85311	7.85119	0.00191886
188	82	7.82484	7.81769	0.00715336
188	83	7.76424	7.75996	0.00428813
188	84	7.72462	7.71457	0.0100566
189	74	7.95272	7.97956	-0.0268476
189	75	7.9618	7.98055	-0.0187458
189	76	7.963	7.97565	-0.0126544
189	77	7.95604	7.96486	-0.00882242
189	78	7.94148	7.94819	-0.0067088
189	79	7.92199	7.92562	-0.00363556
189	80	7.89694	7.89717	-0.000229705
189	81	7.8662	7.86283	0.00336276
189	82	7.82648	7.82261	0.00387285
189	83	7.78098	7.77649	0.00448655
189	84	7.7311	7.72449	0.00660387
190	74	7.94712	7.9752	-0.0280827
190	75	7.94969	7.96915	-0.0194638
190	76	7.9621	7.97528	-0.0131868
190	77	7.94769	7.95757	-0.00988165
190	78	7.94658	7.95204	-0.00545942
190	79	7.91909	7.92267	-0.00358198
190	80	7.90702	7.90548	0.00153652
190	81	7.86586	7.86445	0.00141423
190	82	7.84113	7.8356	0.005533
190	83	7.78694	7.7829	0.00403599
190	84	7.74945	7.74239	0.00706003
191	75	7.94395	7.96609	-0.0221456
191	76	7.95056	7.9652	-0.0146426
191	77	7.9481	7.95854	-0.010436
191	78	7.93872	7.9461	-0.00737287
191	79	7.92474	7.92789	-0.00314423
191	80	7.90381	7.9039	-9.40609e-05
191	81	7.87713	7.87414	0.00299463
191	82	7.84144	7.83861	0.00283485
191	83	7.80067	7.7973	0.00336559
191	84	7.75371	7.75022	0.00348887
192	76	7.94852	7.96338	-0.0148635
192	77	7.93899	7.94984	-0.0108532
192	78	7.94251	7.94833	-0.00581392
192	79	7.92012	7.92335	-0.00322706
192	80	7.91207	7.91041	0.00165973
192	81	7.87602	7.87399	0.00202212
192	82	7.85467	7.84961	0.00505745
192	83	7.80367	7.80176	0.00190139
192	84	7.77108	7.76595	0.00513125
193	76	7.93626	7.95202	-0.0157608
193	77	7.93812	7.94931	-0.0111922
193	78	7.93377	7.94094	-0.0071687
193	79	7.92411	7.92691	-0.00279738
193	80	7.90791	7.90721	0.000703786
193	81	7.88452	7.88185	0.0026728
193	82	7.85392	7.85083	0.00309066
193	83	7.81711	7.81414	0.00296836
193	84	7.77413	7.77179	0.00233592
193	85	7.72752	7.72378	0.00373632
194	76	7.93201	7.94883	-0.0168223
194	77	7.92847	7.9393	-0.0108248
194	78	7.93596	7.94164	-0.00568691
194	79	7.91903	7.92089	-0.00186194
194	80	7.91464	7.91202	0.00262246
194	81	7.88295	7.88005	0.00289792
194	82	7.86542	7.85996	0.00545381
194	83	7.81902	7.81678	0.00224776
194	84	7.7893	7.78547	0.00382714
194	85	7.73466	7.73107	0.00359157
195	76	7.91866	7.93628	-0.0176231
195	77	7.9249	7.93737	-0.0124695
195	78	7.92657	7.93291	-0.00633942
195	79	7.92139	7.92289	-0.00149393
195	80	7.90933	7.90731	0.00201902
195	81	7.89073	7.88618	0.0045484
195	82	7.86394	7.85949	0.00444823
195	83	7.83075	7.82725	0.00349851
195	84	7.7911	7.78945	0.00164822
195	85	7.74812	7.7461	0.00202238
195	86	7.70031	7.69719	0.00311698
196	76	7.91225	7.93181	-0.0195618
196	77	7.91416	7.92613	-0.0119645
196	78	7.92654	7.93217	-0.00562864
196	79	7.91486	7.91548	-0.000623544
196	80	7.91437	7.91052	0.00384922
196	81	7.88829	7.88283	0.00545917
196	82	7.8734	7.86686	0.0065368
196	83	7.8319	7.82816	0.0037366
196	84	7.80477	7.80119	0.00358208
196	85	7.75205	7.75149	0.000565743
196	86	7.71799	7.71351	0.00448308
197	77	7.90902	7.92288	-0.0138644
197	78	7.91598	7.92217	-0.00618572
197	79	7.91566	7.91601	-0.000344885
197	80	7.90864	7.90439	0.00425213
197	81	7.89351	7.88732	0.00618033
197	82	7.8713	7.86481	0.00649071
197	83	7.84164	7.83684	0.00479728
197	84	7.80553	7.80342	0.00211602
197	85	7.76596	7.76455	0.00141196
197	86	7.72229	7.72023	0.00206807
198	78	7.91417	7.92009	-0.00591726
198	79	7.90857	7.9073	0.00126971
198	80	7.91155	7.9061	0.00545141
198	81	7.89013	7.88252	0.00760876
198	82	7.87888	7.87052	0.00836585
198	83	7.84119	7.83613	0.00505659
198	84	7.81756	7.81333	0.00423107
198	85	7.76916	7.76815	0.0010132
198	86	7.73773	7.73454	0.00318307
199	77	7.89122	7.90601	-0.0147879
199	78	7.90232	7.9089	-0.00657952
199	79	7.90694	7.90644	0.000501823
199	80	7.90528	7.89863	0.00665011
199	81	7.89388	7.88548	0.00839935
199	82	7.87572	7.86697	0.00874753
199	83	7.84953	7.84311	0.00641365
199	84	7.81754	7.81391	0.00363172
199	85	7.78147	7.77935	0.00211774
199	86	7.74085	7.73944	0.0014047
199	87	7.69531	7.69418	0.00112761
200	78	7.89922	7.90555	-0.00633058
200	79	7.89863	7.89652	0.0021161
200	80	7.9059	7.89893	0.00696952
200	81	7.88971	7.8793	0.0104061
200	82	7.88177	7.87111	0.0106603
200	83	7.84849	7.84088	0.00761269
200	84	7.8275	7.82209	0.0054138
200	85	7.78376	7.78126	0.00249802
200	86	7.75494	7.75187	0.00306998
200	87	7.70038	7.70044	-5.1955e-05
201	78	7.88584	7.89325	-0.00741479
201	79	7.89518	7.89436	0.000820647
201	80	7.89756	7.89021	0.00735469
201	81	7.89128	7.88081	0.0104653
201	82	7.87781	7.86616	0.0116496
201	83	7.85481	7.84626	0.0085445
201	84	7.82658	7.82111	0.00547099
201	85	7.79415	7.7907	0.00344809
201	86	7.75684	7.75505	0.00179181
201	87	7.7148	7.71414	0.000655139
202	79	7.88614	7.88329	0.00284997
202	80	7.89685	7.88917	0.00767944
202	81	7.88623	7.87335	0.0128842
202	82	7.88211	7.86883	0.0132896
202	83	7.8525	7.8426	0.00990036
202	84	7.83472	7.82766	0.00705483
202	85	7.79454	7.79103	0.00351456
202	86	7.7693	7.76569	0.00361402
202	87	7.71881	7.71865	0.000166744
202	88	7.68488	7.6829	0.00198321
203	79	7.88086	7.8799	0.000961724
203	80	7.88748	7.87928	0.00820463
203	81	7.88605	7.8735	0.0125556
203	82	7.8774	7.86256	0.0148377
203	83	7.85755	7.84647	0.0110828
203	84	7.83284	7.82522	0.00762698
203	85	7.80365	7.79881	0.00484025
203	86	7.77023	7.76725	0.00297559
203	87	7.73178	7.73053	0.00124999
203	88	7.68963	7.68866	0.000968475
204	80	7.88554	7.87699	0.00855876
204	81	7.88002	7.86483	0.0151953
204	82	7.87993	7.86383	0.0161027
204	83	7.85432	7.84145	0.0128698
204	84	7.83904	7.83023	0.00881183
204	85	7.80355	7.79764	0.00591562
204	86	7.78064	7.7762	0.00444126
204	87	7.73469	7.73339	0.00130168
204	88	7.70416	7.70173	0.00242494
205	80	7.87473	7.86599	0.00874209
205	81	7.87839	7.86369	0.0147051
205	82	7.87433	7.85632	0.0180064
205	83	7.8573	7.8439	0.0134059
205	84	7.83616	7.82641	0.00975061
205	85	7.8102	7.80385	0.00635354
205	86	7.78074	7.77623	0.00450768
205	87	7.74569	7.74355	0.00213204
205	88	7.707	7.70581	0.00118661
206	80	7.86917	7.86252	0.00665313
206	81	7.87172	7.85388	0.017836
206	82	7.87536	7.85628	0.019083
206	83	7.85332	7.83761	0.0157134
206	84	7.84056	7.82997	0.0105949
206	85	7.80879	7.80126	0.00752879
206	86	7.78896	7.78359	0.00536884
206	87	7.74694	7.74485	0.00209229
206	88	7.71981	7.71714	0.00266987
206	89	7.66772	7.66836	-0.000636144
207	80	7.84731	7.85049	-0.003174
207	81	7.86679	7.85153	0.015259
207	82	7.86986	7.84761	0.022256
207	83	7.8545	7.83871	0.015793
207	84	7.83667	7.82484	0.0118329
207	85	7.81404	7.806	0.00804069
207	86	7.78798	7.78218	0.00580047
207	87	7.75623	7.75339	0.00284221
207	88	7.72163	7.71963	0.00200689
207	89	7.68117	7.68089	0.000280516
208	81	7.84718	7.84067	0.00651465
208	82	7.86745	7.84632	0.0211282
208	83	7.84985	7.83123	0.0186227
208	84	7.83936	7.82703	0.0123268
208	85	7.81166	7.80208	0.00958471
208	86	7.79423	7.78802	0.00620932
208	87	7.7569	7.75321	0.00368676
208	88	7.73208	7.7293	0.00278588
208	89	7.68483	7.68463	0.000199821
209	81	7.83336	7.83717	-0.00380907
209	82	7.84865	7.83656	0.0120865
209	83	7.84799	7.83106	0.0169232
209	84	7.83519	7.82068	0.0145091
209	85	7.81476	7.80541	0.00935418
209	86	7.79211	7.78525	0.00686042
209	87	7.76369	7.76022	0.00347082
209	88	7.73303	7.73029	0.0027424
209	89	7.69585	7.69548	0.000366141
209	90	7.65546	7.65579	-0.000321946
210	81	7.81358	7.82531	-0.0117211
210	82	7.83596	7.83411	0.0018577
210	83	7.83254	7.82246	0.0100853
210	84	7.83434	7.82157	0.0127735
210	85	7.81166	7.80024	0.0114254
210	86	7.79663	7.78967	0.00696397
210	87	7.76314	7.75865	0.00448729
210	88	7.74128	7.7384	0.0028852
210	89	7.6979	7.69769	0.000203894
210	90	7.66916	7.66775	0.00140117
211	82	7.817	7.82331	-0.00631498
211	83	7.81977	7.82109	-0.00132057
211	84	7.81878	7.81407	0.00471663
211	85	7.81135	7.80224	0.00911161
211	86	7.79394	7.78562	0.00832239
211	87	7.76844	7.7642	0.00424795
211	88	7.74107	7.73797	0.00309429
211	89	7.70718	7.70695	0.000227425
211	90	7.67171	7.67113	0.000585344
212	82	7.80431	7.81976	-0.0154464
212	83	7.80331	7.81143	-0.00811694
212	84	7.81024	7.81374	-0.00349255
212	85	7.79831	7.79589	0.00241788
212	86	7.7948	7.78868	0.0061162
212	87	7.76695	7.76132	0.00562856
212	88	7.74747	7.74459	0.00287782
212	89	7.70855	7.70771	0.000831113
212	90	7.68216	7.68148	0.000680303
212	91	7.63354	7.63508	-0.00153747
213	82	7.78508	7.808	-0.0229194
213	83	7.79102	7.80893	-0.0179156
213	84	7.79402	7.80515	-0.0111221
213	85	7.79	7.79664	-0.00663883
213	86	7.78219	7.78342	-0.00122989
213	87	7.76843	7.76549	0.00294777
213	88	7.74641	7.74283	0.00358314
213	89	7.71552	7.71546	6.22297e-05
213	90	7.68385	7.68337	0.000477029
213	91	7.64476	7.64657	-0.00181146
214	82	7.77239	7.80341	-0.0310195
214	83	7.77349	7.79827	-0.0247815
214	84	7.78512	7.80366	-0.0185428
214	85	7.77637	7.78917	-0.0128087
214	86	7.7771	7.78521	-0.008104
214	87	7.75774	7.76137	-0.00363093
214	88	7.74913	7.74805	0.00108484
214	89	7.71591	7.71486	0.00104494
214	90	7.69224	7.69219	4.67377e-05
214	91	7.64758	7.64965	-0.00206613
215	83	7.76163	7.79471	-0.0330845
215	84	7.76817	7.79405	-0.0258767
215	85	7.76785	7.78874	-0.020889
215	86	7.76381	7.77881	-0.0149924
215	87	7.75326	7.76423	-0.0109729
215	88	7.73932	7.74502	-0.00570663
215	89	7.7195	7.72118	-0.00167745
215	90	7.693	7.6927	0.000303586
215	91	7.65706	7.65958	-0.00251951
216	83	7.7435	7.78312	-0.0396194
216	84	7.75881	7.79147	-0.0326531
216	85	7.753	7.78023	-0.0272274
216	86	7.75864	7.77938	-0.0207376
216	87	7.74241	7.75895	-0.0165354
216	88	7.73735	7.74891	-0.0115651
216	89	7.71136	7.71929	-0.00793133
216	90	7.69763	7.70006	-0.00242353
216	91	7.65931	7.66124	-0.00193229
217	84	7.74128	7.78089	-0.0396115
217	85	7.74461	7.77868	-0.034066
217	86	7.7444	7.77191	-0.0275032
217	87	7.73777	7.76058	-0.0228033
217	88	7.72692	7.74469	-0.0177703
217	89	7.71032	7.72425	-0.0139241
217	90	7.69055	7.69925	-0.00870067
217	91	7.66458	7.66969	-0.00511112
217	92	7.63503	7.63558	-0.0005494
218	84	7.73152	7.77728	-0.0457605
218	85	7.72912	7.76917	-0.0400478
218	86	7.73875	7.77134	-0.032587
218	87	7.72672	7.75419	-0.0274761
218	88	7.725	7.74732	-0.0223221
218	89	7.70218	7.72114	-0.0189601
218	90	7.69157	7.70523	-0.0136609
218	91	7.6591	7.67001	-0.0109026
218	92	7.64059	7.64506	-0.00447432
219	85	7.72019	7.76657	-0.0463751
219	86	7.72377	7.76285	-0.0390773
219	87	7.72117	7.75465	-0.0334811
219	88	7.71405	7.74197	-0.0279173
219	89	7.70055	7.72481	-0.024264
219	90	7.68372	7.70317	-0.0194521
219	91	7.66166	7.67705	-0.0153897
219	92	7.63667	7.64645	-0.00978182
220	85	7.70381	7.75613	-0.0523186
220	86	7.71725	7.7612	-0.0439505
220	87	7.70974	7.74722	-0.0374832
220	88	7.71168	7.74341	-0.0317231
220	89	7.69231	7.72055	-0.0282308
220	90	7.68459	7.70784	-0.0232548
221	86	7.70139	7.75175	-0.0503646
221	87	7.70325	7.74658	-0.0433236
221	88	7.70113	7.73699	-0.0358587
221	89	7.69054	7.723	-0.032465
221	90	7.67607	7.70461	-0.0285373
222	86	7.69449	7.74908	-0.0545888
222	87	7.69108	7.73817	-0.0470907
222	88	7.69669	7.7373	-0.0406115
222	89	7.6828	7.71765	-0.0348448
223	87	7.68366	7.73647	-0.0528138
223	88	7.6853	7.72988	-0.0445749
223	89	7.67914	7.71895	-0.0398098
223	90	7.66864	7.70369	-0.0350505
223	91	7.65197	7.6841	-0.032126
223	92	7.63269	7.66017	-0.0274824
224	87	7.67077	7.72714	-0.0563614
224	88	7.67992	7.72911	-0.0491962
224	89	7.67014	7.71256	-0.0424224
224	90	7.66771	7.70594	-0.0382322
224	91	7.64693	7.6808	-0.0338733
224	92	7.6352	7.66558	-0.030382
225	87	7.66297	7.72445	-0.0614801
225	88	7.66758	7.72074	-0.0531613
225	89	7.66569	7.71277	-0.0470863
225	90	7.65922	7.70054	-0.0413179
225	91	7.64672	7.68405	-0.0373242
225	92	7.62975	7.66329	-0.0335411
225	93	7.60754	7.63827	-0.0307247
226	87	7.64903	7.71424	-0.0652127
226	88	7.66196	7.71896	-0.0570078
226	89	7.65566	7.70541	-0.0497513
226	90	7.65712	7.70168	-0.0445562
226	91	7.64111	7.67967	-0.0385576
227	87	7.64084	7.71062	-0.0697801
227	88	7.6483	7.7097	-0.0613988
227	89	7.6507	7.70458	-0.0538812
227	90	7.64745	7.69528	-0.0478233
227	91	7.63949	7.68178	-0.0422872
227	92	7.62639	7.66408	-0.0376887
227	93	7.60735	7.6422	-0.034844
228	88	7.64242	7.70696	-0.0645359
228	89	7.63919	7.6963	-0.0571072
228	90	7.64507	7.69535	-0.0502799
228	91	7.6322	7.67638	-0.0441723
228	94	7.59049	7.62223	-0.0317458
229	87	7.61769	7.69507	-0.0773788
229	88	7.62848	7.69684	-0.0683599
229	89	7.63297	7.69449	-0.0615222
229	90	7.63465	7.68801	-0.0533624
229	91	7.62987	7.6774	-0.0475337
229	92	7.62072	7.66267	-0.04195
229	93	7.60609	7.64381	-0.0377263
229	94	7.58686	7.62083	-0.0339677
230	88	7.62191	7.69319	-0.0712866
230	89	7.62159	7.68533	-0.0637409
230	90	7.63099	7.68708	-0.0560927
230	91	7.62189	7.67104	-0.0491462
230	92	7.62092	7.6646	-0.043677
230	93	7.60178	7.64037	-0.0385926
230	94	7.59099	7.62575	-0.0347516
231	89	7.61441	7.68259	-0.0681853
231	90	7.62011	7.67884	-0.058733
231	91	7.61842	7.67104	-0.0526173
231	92	7.61338	7.65917	-0.0457884
231	93	7.60213	7.64324	-0.0411161
232	89	7.60245	7.67262	-0.070166
232	90	7.61503	7.67697	-0.0619407
232	91	7.6095	7.66376	-0.054256
233	90	7.60289	7.66789	-0.0649994
233	91	7.60486	7.66278	-0.0579192
233	92	7.60395	7.65368	-0.0497316
233	93	7.59618	7.64059	-0.0444138
233	96	7.546	7.57733	-0.0313254
234	90	7.59685	7.6651	-0.0682548
234	91	7.59467	7.65464	-0.0599641
234	92	7.60071	7.65357	-0.0528645
234	93	7.58963	7.63518	-0.045546
234	96	7.55068	7.58293	-0.0322502
235	90	7.58337	7.65522	-0.0718509
235	91	7.58824	7.65274	-0.0645029
235	92	7.59091	7.64632	-0.0554119
235	93	7.58705	7.63597	-0.0489162
236	91	7.5775	7.64377	-0.0662696
236	92	7.58648	7.64526	-0.0587856
236	93	7.57921	7.62964	-0.0504343
237	91	7.5699	7.641	-0.0710961
237	92	7.57609	7.63717	-0.0610755
237	93	7.57498	7.62947	-0.0544859
238	91	7.55887	7.63126	-0.072388
238	92	7.57012	7.63522	-0.0650964
238	93	7.56621	7.62229	-0.0560714
238	94	7.56835	7.61856	-0.0502037
238	95	7.55558	7.59794	-0.0423628
239	92	7.55856	7.62633	-0.0677713
239	93	7.56056	7.62119	-0.0606323
239	94	7.56031	7.61224	-0.0519338
240	92	7.55177	7.62352	-0.0717527
240	93	7.55018	7.6132	-0.0630153
240	94	7.55604	7.61197	-0.0559376
240	95	7.54701	7.59408	-0.0470708
241	93	7.54426	7.61123	-0.0669691
241	94	7.54643	7.60483	-0.0583937
241	95	7.54327	7.59466	-0.0513919
242	93	7.5334	7.60246	-0.0690646
242	94	7.54132	7.60366	-0.0623439
242	95	7.53498	7.5884	-0.0534189
243	94	7.531	7.59573	-0.0647214
243	95	7.53017	7.58808	-0.0579125
243	96	7.52692	7.57674	-0.0498209
244	94	7.52482	7.59372	-0.0689018
244	95	7.5213	7.58101	-0.0597084
244	96	7.52394	7.57722	-0.0532742
244	97	7.51147	7.55717	-0.045699
245	94	7.51358	7.58503	-0.0714528
245	95	7.51531	7.57982	-0.0645175
245	96	7.51577	7.57097	-0.0552088
245	97	7.50926	7.55848	-0.0492188
246	94	7.50654	7.58222	-0.0756799
246	95	7.50499	7.57198	-0.0669957
246	96	7.51147	7.57057	-0.0591071
246	97	7.5028	7.5531	-0.0503065
247	96	7.50193	7.56354	-0.0616129
247	97	7.49894	7.55352	-0.0545832
249	96	7.48555	7.55452	-0.0689675
249	97	7.48603	7.54689	-0.0608648
250	96	7.47894	7.55248	-0.0735377
250	97	7.47596	7.53994	-0.063979
251	96	7.46672	7.54399	-0.0772649
251	97	7.46926	7.53868	-0.0694176
251	98	7.4705	7.52989	-0.0593875
251	99	7.46588	7.51761	-0.0517315
252	98	7.46535	7.52938	-0.0640301
252	99	7.45724	7.51228	-0.055032
253	98	7.45483	7.52247	-0.0676426
253	99	7.45287	7.51255	-0.0596729
254	98	7.44923	7.52117	-0.0719412
254	99	7.44358	7.50645	-0.0628644
255	99	7.43782	7.50591	-0.0680868
255	100	7.43589	7.49488	-0.0589866
255	101	7.42873	7.48046	-0.0517302
256	100	7.43178	7.49507	-0.0632846
256	101	7.42041	7.47594	-0.0555275
257	100	7.4222	7.489	-0.0668041
257	101	7.41757	7.47689	-0.0593212
264	108	7.29824	7.33455	-0.0363128
