2.45
2.41
2.43
2.42
2.46
2.41
2.41
2.42
2.40
2.44
2.38
2.45
2.41
2.44
2.47
2.47
2.40
2.45
2.35
2.40
2.55
2.45
2.38
2.38
2.42
2.43
2.43
2.41
2.38
2.47
2.46
2.41
2.41
2.37
2.44
2.41
2.43
2.39
2.49
2.49
2.49
2.52
2.48
2.44
2.39
2.44
2.49
2.41
2.45
2.45
2.48
2.36
2.43
2.46
2.43
2.45
2.45
2.41
2.48
2.44
2.40
2.41
2.50
2.49
2.44
2.43
2.41
2.36
2.44
2.49
2.38
2.51
2.51
2.46
2.41
2.52
2.49
2.35
2.48
2.45
2.41
2.40
2.44
2.44
2.39
2.41
2.41
2.52
2.41
2.47
2.41
2.50
2.44
2.49
2.42
2.33
2.39
2.37
2.42
2.44
2.42
2.36
2.41
2.40
2.49
2.50
2.45
2.38
2.44
2.41
2.41
2.44
2.48
2.49
2.44
2.47
2.52
2.45
2.39
2.46
2.38
2.46
2.40
2.44
2.52
2.51
2.42
2.45
2.48
2.45
2.46
2.42
2.41
2.44
2.51
2.43
2.46
2.41
2.45
2.52
2.52
2.38
2.45
2.45
2.44
2.48
2.42
2.41
2.45
2.46
2.39
2.49
2.38
2.44
2.41
2.45
2.34
2.44
2.41
2.40
2.40
2.44
2.39
2.36
2.43
2.38
2.31
2.45
2.44
2.45
2.39
2.37
2.40
2.38
2.42
2.41
2.41
2.38
2.37
2.38
2.35
2.46
2.45
2.38
2.37
2.43
2.45
2.38
2.37
2.46
2.35
2.38
2.41
2.45
2.37
2.35
2.46
2.34
2.37
2.38
2.34
2.34
2.29
2.27
2.36
2.4
2.45
2.38
2.4
2.44
2.43
2.41
2.48
2.28
2.51
2.48
2.41
2.34
2.45
2.49
2.37
2.42
2.33
2.39
2.45
2.45
2.41
2.33
2.35
2.40
2.38
2.40
2.45
2.38
2.41
2.41
2.47
2.31
2.42
2.42
2.38
2.40
2.36
2.42
2.34
2.40
2.39
2.31
2.41
2.37
2.38
2.43
2.42
2.38
2.44
2.38
2.49
2.45
2.44
2.49
2.41
2.36
2.40
2.41
2.37
2.31
2.37
2.50
2.38
2.41
2.39
2.44
2.40
2.33
2.41
2.36
2.40
2.44
2.36
2.41
2.39
2.31
2.36
2.34
2.35
2.30
2.46
2.31
2.43
2.48
2.33
2.42
2.37
2.37
2.31
2.33
2.37
2.51
2.42
2.45
